start	end	paragNum	speaker	pconfid	wordPos	paragWordPos	paragFirstWordCount	paragLastWordCount
3150	20942	1	A	0.75	29	29	1	29
21086	77790	2	B	0.64708	144	115	30	144
77970	130458	3	B	1.0	272	128	145	272
130544	152202	4	B	0.99794	321	49	273	321
152266	188358	5	B	0.53823	405	84	322	405
188374	241238	6	C	0.90232	524	119	406	524
241334	251390	7	C	0.63257	555	31	525	555
255710	287140	8	A	0.80194	609	54	556	609
289670	319100	9	A	1.0	653	44	610	653
320110	331730	10	B	0.62338	679	26	654	679
335350	357606	11	B	0.76023	737	58	680	737
357798	372510	12	B	0.87	776	39	738	776
375090	419840	13	B	0.98	878	102	777	878
421650	465750	14	B	0.89932	977	99	879	977
465910	498870	15	B	0.99	1063	86	978	1063
502740	518496	16	B	1.0	1100	37	1064	1100
518608	583684	17	C	0.71807	1227	127	1101	1227
583812	608390	18	C	0.99998	1275	48	1228	1275
611800	679240	19	B	0.99656	1421	146	1276	1421
680780	714660	20	B	0.9997	1482	61	1422	1482
714810	747280	21	B	0.99994	1554	72	1483	1554
748100	795016	22	B	0.57311	1646	92	1555	1646
795128	825610	23	B	0.67111	1717	71	1647	1717
826220	854320	24	B	1.0	1793	76	1718	1793
856580	887592	25	B	0.99	1866	73	1794	1866
887736	924184	26	B	0.51105	1942	76	1867	1942
924382	955600	27	B	0.99999	2020	78	1943	2020
957960	1002748	28	B	0.97683	2120	100	2021	2120
1002844	1052530	29	B	0.92474	2235	115	2121	2235
1054420	1068740	30	C	0.99996	2275	40	2236	2275
1071260	1073210	31	B	0.99612	2279	4	2276	2279
1077260	1160788	32	A	0.99999	2407	128	2280	2407
1160874	1200588	33	A	0.99944	2467	60	2408	2467
1200764	1257540	34	B	1.0	2603	136	2468	2603
1257960	1311168	35	B	1.0	2713	110	2604	2713
1311264	1378472	36	B	1.0	2879	166	2714	2879
1378606	1408980	37	B	0.99993	2947	68	2880	2947
1409050	1416230	38	B	0.99999	2959	12	2948	2959
1418940	1447760	39	B	0.99556	3025	66	2960	3025
1448180	1498380	40	B	0.99987	3125	100	3026	3125
1501040	1551840	41	C	0.9991	3243	118	3126	3243
1551990	1604640	42	C	0.56	3362	119	3244	3362
1605540	1649490	43	B	0.99978	3465	103	3363	3465
1650020	1728200	44	B	0.99999	3626	161	3466	3626
1729740	1779640	45	C	0.51558	3725	99	3627	3725
1779790	1795200	46	B	0.99997	3766	41	3726	3766
1799160	1836160	47	C	0.64874	3862	96	3767	3862
1839220	1905856	48	B	0.99993	3986	124	3863	3986
1905888	1932350	49	A	0.99964	4027	41	3987	4027
1935220	1997970	50	A	0.92249	4140	113	4028	4140
1998420	2036130	51	C	0.68225	4241	101	4141	4241
2036500	2062836	52	C	0.99996	4303	62	4242	4303
2062948	2109796	53	B	0.99579	4410	107	4304	4410
2109828	2159800	54	B	0.80344	4535	125	4411	4535
2159950	2173660	55	C	0.99596	4565	30	4536	4565
2177790	2179660	56	B	0.47364	4570	5	4566	4570
2182270	2256290	57	A	0.69168	4694	124	4571	4694
2257750	2264920	58	B	0.99995	4703	9	4695	4703
2269050	2344654	59	B	0.90516	4850	147	4704	4850
2344852	2383610	60	B	1.0	4947	97	4851	4947
2386210	2391040	61	B	0.94554	4954	7	4948	4954
2396010	2457382	62	A	0.99065	5091	137	4955	5091
2457526	2492840	63	A	1.0	5160	69	5092	5160
2494170	2520030	64	C	0.68275	5208	48	5161	5208
2520610	2575582	65	B	0.95868	5324	116	5209	5324
2575726	2608746	66	B	0.98772	5407	83	5325	5407
2608928	2639990	67	C	1.0	5476	69	5408	5476
2642890	2709500	68	A	0.97	5608	132	5477	5608
2710350	2727582	69	B	0.92043	5639	31	5609	5639
2727726	2744114	70	B	0.82605	5679	40	5640	5679
2744162	2753820	71	B	0.98413	5692	13	5680	5692
2757790	2767040	72	B	0.93045	5710	18	5693	5710
2773430	2809840	73	B	0.99743	5794	84	5711	5794
2811010	2864370	74	B	1.0	5894	100	5795	5894
2864790	2902014	75	B	1.0	5983	89	5895	5983
2902052	2915460	76	C	0.99988	6022	39	5984	6022
2921270	2950620	77	C	1.0	6094	72	6023	6094
2952690	2957200	78	B	0.99967	6105	11	6095	6105
2961090	3034646	79	A	0.99501	6215	110	6106	6215
3034828	3090486	80	A	0.92	6322	107	6216	6322
3090598	3123730	81	B	0.99994	6412	90	6323	6412
3123800	3124420	82	C	0.7	6413	1	6413	6413
3130570	3146934	83	B	0.97566	6456	43	6414	6456
3146982	3167940	84	B	0.79	6496	40	6457	6496
3170070	3200380	85	B	1.0	6554	58	6497	6554
3203470	3270850	86	A	1.0	6663	109	6555	6663
3272070	3293818	87	C	0.68	6720	57	6664	6720
3293984	3340010	88	C	0.88	6841	121	6721	6841
3341310	3349930	89	B	0.88	6856	15	6842	6856
3353490	3458030	90	A	0.96	7037	181	6857	7037
3459490	3507626	91	A	1.0	7146	109	7038	7146
3507738	3551166	92	B	0.99999	7246	100	7147	7246
3551268	3584440	93	C	0.99998	7318	72	7247	7318
3584810	3624110	94	C	0.99977	7424	106	7319	7424
3624270	3666722	95	C	0.99245	7508	84	7425	7508
3666856	3712160	96	B	0.99992	7593	85	7509	7593
3716550	3749670	97	A	0.8	7660	67	7594	7660
3749830	3789206	98	A	1.0	7739	79	7661	7739
3789398	3863070	99	A	1.0	7882	143	7740	7882
3864290	3893420	100	B	0.99992	7939	57	7883	7939
3894990	3947980	101	B	1.0	8063	124	7940	8063
3948350	3962240	102	C	0.99107	8102	39	8064	8102
3964310	3979640	103	B	0.52925	8126	24	8103	8126
3983450	4064658	104	A	1.0	8290	164	8127	8290
4064824	4124290	105	A	0.99963	8400	110	8291	8400
4124440	4194940	106	A	1.0	8515	115	8401	8515
4198000	4241820	107	B	0.99998	8616	101	8516	8616
4244720	4311212	108	B	0.99997	8755	139	8617	8755
4311276	4352220	109	C	0.99995	8830	75	8756	8830
4354500	4426292	110	A	0.99947	8983	153	8831	8983
4426426	4527444	111	A	0.99136	9160	177	8984	9160
4527492	4569590	112	A	0.84389	9248	88	9161	9248
4571720	4611170	113	B	0.82	9335	87	9249	9335
4611540	4632330	114	B	0.96655	9381	46	9336	9381
4637100	4666420	115	C	0.99656	9475	94	9382	9475
4667240	4689284	116	C	0.99857	9523	48	9476	9523
4689332	4733400	117	C	0.99998	9635	112	9524	9635
4735900	4774640	118	A	0.99825	9712	77	9636	9712
4774720	4777270	119	B	0.72968	9716	4	9713	9716
4780380	4868390	120	A	0.96	9871	155	9717	9871
4868760	4919300	121	A	0.9997	9955	84	9872	9955
4922710	4923460	122	B	0.99877	9956	1	9956	9956
4926230	4981960	123	B	0.94128	10061	105	9957	10061
4982730	5032166	124	B	0.99999	10170	109	10062	10170
5032268	5056350	125	C	0.92	10225	55	10171	10225
5056420	5085586	126	B	1.0	10300	75	10226	10300
5085778	5133666	127	B	0.96275	10393	93	10301	10393
5133778	5184120	128	B	0.99973	10498	105	10394	10498
5186890	5230690	129	C	0.99	10596	98	10499	10596
5233430	5304178	130	A	0.78893	10735	139	10597	10735
5304294	5396630	131	A	0.67204	10887	152	10736	10887
5396710	5427810	132	A	0.99986	10945	58	10888	10945
5427880	5478638	133	B	0.99	11055	110	10946	11055
5478734	5497690	134	B	0.99999	11097	42	11056	11097
5498030	5525230	135	B	0.84521	11162	65	11098	11162
5525390	5562800	136	B	0.89641	11240	78	11163	11240
5563490	5593254	137	C	0.99988	11316	76	11241	11316
5593302	5624610	138	C	1.0	11387	71	11317	11387
5629210	5689960	139	A	1.0	11482	95	11388	11482
5690490	5760320	140	A	0.99999	11607	125	11483	11607
5760770	5799878	141	B	0.89933	11691	84	11608	11691
5799974	5804970	142	B	0.90873	11700	9	11692	11700
5808290	5814880	143	C	0.99606	11715	15	11701	11715
5818390	5860122	144	C	0.83727	11815	100	11716	11815
5860186	5860990	145	B	0.94131	11816	1	11816	11816
5865090	5945930	146	A	0.73994	11941	125	11817	11941
5948920	5990168	147	B	0.9999	12028	87	11942	12028
5990344	6005910	148	B	0.99999	12069	41	12029	12069
6008440	6009430	149	C	0.99657	12071	2	12070	12071
