start	end	paragNum	speaker	pconfid	wordPos	paragWordPos	paragFirstWordCount	paragLastWordCount
8010	59726	1	A	0.94406	105	105	1	105
59828	97100	2	A	0.97503	182	77	106	182
97550	166100	3	B	0.99	329	147	183	329
170070	227378	4	B	0.73	441	112	330	441
227554	275060	5	B	0.99	549	108	442	549
278040	297644	6	A	0.9922	580	31	550	580
297762	325504	7	C	0.99997	635	55	581	635
325552	361676	8	C	0.56214	701	66	636	701
361788	406000	9	C	0.78636	792	91	702	792
406150	452160	10	C	1.0	893	101	793	893
452820	510316	11	C	0.99983	1008	115	894	1008
510428	544056	12	C	0.99956	1083	75	1009	1083
544168	561260	13	C	0.99932	1130	47	1084	1130
561340	581400	14	C	0.99949	1179	49	1131	1179
585260	613804	15	C	1.0	1247	68	1180	1247
613932	638324	16	C	0.99768	1310	63	1248	1310
638372	672548	17	C	0.99999	1389	79	1311	1389
672634	724996	18	C	0.87782	1509	120	1390	1509
725178	746300	19	C	0.99	1559	50	1510	1559
747040	789608	20	D	0.96	1652	93	1560	1652
789704	865484	21	D	0.97454	1789	137	1653	1789
865532	930292	22	D	0.97557	1939	150	1790	1939
930356	1022272	23	D	1.0	2102	163	1940	2102
1022416	1075664	24	D	0.97594	2211	109	2103	2211
1075792	1140620	25	D	1.0	2335	124	2212	2335
1141840	1187800	26	D	0.87687	2448	113	2336	2448
1188380	1246072	27	D	0.54889	2588	140	2449	2588
1246216	1301816	28	D	1.0	2720	132	2589	2720
1301848	1337604	29	D	0.97552	2811	91	2721	2811
1337652	1369140	30	D	0.99995	2886	75	2812	2886
1369290	1433112	31	D	1.0	3019	133	2887	3019
1433166	1473910	32	D	0.97	3123	104	3020	3123
1474280	1530196	33	D	0.9984	3224	101	3124	3224
1530388	1587400	34	D	0.69203	3345	121	3225	3345
1587740	1595710	35	D	0.99898	3362	17	3346	3362
1598080	1614196	36	A	0.99316	3403	41	3363	3403
1614298	1642510	37	B	0.64611	3474	71	3404	3474
1645120	1651870	38	B	0.99972	3480	6	3475	3480
1654340	1693416	39	B	0.99997	3574	94	3481	3574
1693528	1702380	40	B	0.98228	3593	19	3575	3593
1705540	1747880	41	B	0.70092	3696	103	3594	3696
1747960	1809040	42	B	0.99999	3850	154	3697	3850
1811140	1906092	43	B	0.97241	4035	185	3851	4035
1906236	1949150	44	B	1.0	4128	93	4036	4128
1949920	1979290	45	C	1.0	4187	59	4129	4187
1979660	2012688	46	C	0.99955	4262	75	4188	4262
2012774	2049068	47	C	0.99945	4346	84	4263	4346
2049154	2056050	48	C	0.99	4361	15	4347	4361
2059550	2080100	49	C	0.74765	4403	42	4362	4403
2080470	2095990	50	A	1.0	4436	33	4404	4436
2100490	2104060	51	A	0.40158	4446	10	4437	4446
2107470	2140100	52	D	0.74118	4520	74	4447	4520
2140490	2159980	53	D	0.99978	4565	45	4521	4565
2167530	2178890	54	A	1.0	4584	19	4566	4584
2181890	2215320	55	C	0.99205	4665	81	4585	4665
2216010	2256100	56	C	0.98879	4779	114	4666	4779
2257370	2296420	57	C	0.99504	4855	76	4780	4855
2298950	2310760	58	C	0.76489	4879	24	4856	4879
2313370	2341950	59	A	0.99998	4932	53	4880	4932
2343490	2380394	60	B	0.99	4992	60	4933	4992
2380432	2381020	61	B	0.99924	4993	1	4993	4993
2383330	2437920	62	D	0.96156	5106	113	4994	5106
2438450	2486282	63	D	0.99986	5219	113	5107	5219
2486346	2530678	64	D	0.99999	5301	82	5220	5301
2530774	2567510	65	D	0.56	5378	77	5302	5378
2570490	2638830	66	D	0.55386	5524	146	5379	5524
2639890	2661560	67	D	0.62672	5582	58	5525	5582
2663690	2676982	68	C	1.0	5618	36	5583	5618
2677046	2708818	69	C	0.9999	5688	70	5619	5688
2708904	2732006	70	C	0.98245	5738	50	5689	5738
2732048	2762390	71	C	0.97607	5802	64	5739	5802
2762810	2779094	72	C	1.0	5833	31	5803	5833
2779142	2810758	73	C	0.99343	5913	80	5834	5913
2810844	2813160	74	C	0.99885	5919	6	5914	5919
2817480	2819670	75	B	0.9839	5926	7	5920	5926
2821820	2853168	76	B	1.0	5978	52	5927	5978
2853334	2860420	77	A	0.99545	5993	15	5979	5993
2862760	2905520	78	A	0.99812	6099	106	5994	6099
2910640	2964784	79	A	0.99906	6204	105	6100	6204
2964822	3020610	80	B	0.61	6319	115	6205	6319
3023300	3086836	81	D	0.99841	6457	138	6320	6457
3087018	3121036	82	D	0.99986	6533	76	6458	6533
3121068	3151150	83	D	0.99972	6596	63	6534	6596
3152400	3193800	84	D	0.83707	6679	83	6597	6679
3194140	3232596	85	D	1.0	6770	91	6680	6770
3232778	3273488	86	B	0.99999	6863	93	6771	6863
3273574	3322576	87	B	0.99	6981	118	6864	6981
3322678	3337480	88	B	0.97	7019	38	6982	7019
3337550	3393956	89	D	0.99987	7166	147	7020	7166
3394068	3434580	90	D	0.99795	7270	104	7167	7270
3439490	3453574	91	A	0.95765	7309	39	7271	7309
3453612	3456920	92	C	0.88396	7315	6	7310	7315
3459370	3489300	93	A	0.99947	7367	52	7316	7367
3494300	3500680	94	D	1.0	7386	19	7368	7386
3505680	3521760	95	A	0.81566	7427	41	7387	7427
3524900	3552040	96	D	0.88012	7496	69	7428	7496
3552700	3574880	97	D	0.99996	7558	62	7497	7558
3579800	3632176	98	B	0.76809	7690	132	7559	7690
3632368	3673648	99	B	1.0	7787	97	7691	7787
3673744	3695340	100	B	0.87	7854	67	7788	7854
3696720	3746700	101	B	0.99986	7973	119	7855	7973
3748400	3753550	102	B	0.99731	7986	13	7974	7986
3757320	3806840	103	C	0.47482	8082	96	7987	8082
3807020	3835220	104	C	0.99517	8137	55	8083	8137
3835310	3892216	105	C	1.0	8269	132	8138	8269
3892408	3942248	106	C	1.0	8364	95	8270	8364
3942344	4015860	107	C	0.99626	8514	150	8365	8514
4018520	4025400	108	A	0.99999	8528	14	8515	8528
4031370	4070142	109	D	0.97091	8617	89	8529	8617
4070286	4112400	110	D	1.0	8721	104	8618	8721
4113010	4125910	111	D	0.93938	8759	38	8722	8759
4128330	4135880	112	A	0.99831	8770	11	8760	8770
4139670	4209820	113	B	0.95994	8918	148	8771	8918
4210510	4238280	114	B	0.99995	8980	62	8919	8980
4241270	4279050	115	C	0.99737	9076	96	8981	9076
4279130	4307494	116	C	1.0	9152	76	9077	9152
4307532	4332400	117	C	1.0	9209	57	9153	9209
4335490	4344960	118	A	0.99991	9226	17	9210	9226
4345410	4350434	119	C	0.93793	9236	10	9227	9236
4350482	4351890	120	D	0.99975	9239	3	9237	9239
