start	end	paragNum	speaker	pconfid	wordPos	paragWordPos	paragFirstWordCount	paragLastWordCount
170	20522	1	A	0.15427	33	33	1	33
20586	40140	2	A	0.99301	77	44	34	77
64610	138326	3	B	0.93177	183	106	78	183
138428	144360	4	A	0.75989	192	9	184	192
169330	175970	5	A	0.8405	203	11	193	203
179260	183480	6	A	0.9999	211	8	204	211
204760	216250	7	B	0.99826	242	31	212	242
228480	234620	8	A	0.85	256	14	243	256
236180	247490	9	A	0.9823	278	22	257	278
271300	352104	10	B	0.88428	378	100	279	378
352222	355470	11	B	0.99999	385	7	379	385
361280	407348	12	A	1.0	465	80	386	465
407454	435590	13	A	0.90535	530	65	466	530
436040	452200	14	A	0.9998	552	22	531	552
454810	471920	15	A	0.99	588	36	553	588
475730	484820	16	A	1.0	602	14	589	602
488070	512860	17	A	0.79075	653	51	603	653
515230	520060	18	A	0.99997	663	10	654	663
522190	533280	19	A	0.5694	694	31	664	694
538790	601960	20	B	0.99915	790	96	695	790
602330	629470	21	A	0.66995	842	52	791	842
632130	645300	22	A	1.0	869	27	843	869
647610	704360	23	A	0.76	962	93	870	962
706650	735086	24	A	0.99997	1024	62	963	1024
735198	740020	25	A	0.99644	1034	10	1025	1034
742950	791646	26	A	1.0	1119	85	1035	1119
791678	819174	27	A	0.92	1172	53	1120	1172
819302	841780	28	A	0.9929	1221	49	1173	1221
850980	860290	29	A	0.97	1234	13	1222	1234
886900	961348	30	B	1.0	1345	111	1235	1345
961524	978110	31	A	0.95928	1364	19	1346	1364
980640	991376	32	A	0.99978	1395	31	1365	1395
991398	992130	33	B	0.95	1397	2	1396	1397
995680	996910	34	A	0.88596	1400	3	1398	1400
1020430	1063280	35	A	0.73288	1470	70	1401	1470
1065220	1073780	36	A	0.99	1487	17	1471	1487
1077370	1083750	37	A	0.99787	1491	4	1488	1491
1089710	1119140	38	B	0.66851	1548	57	1492	1548
1121610	1160450	39	A	0.89007	1606	58	1549	1606
1162710	1193260	40	A	0.99523	1656	50	1607	1656
1193630	1247680	41	A	1.0	1770	114	1657	1770
1250050	1279670	42	A	1.0	1815	45	1771	1815
1281930	1284310	43	A	1.0	1822	7	1816	1822
1295060	1409780	44	B	0.99738	1992	170	1823	1992
1412120	1418650	45	B	1.0	2005	13	1993	2005
1421100	1424090	46	A	0.99969	2012	7	2006	2012
1427680	1450130	47	C	0.98	2048	36	2013	2048
1454200	1470090	48	C	0.98	2082	34	2049	2082
1470940	1475370	49	C	0.71	2091	9	2083	2091
1477740	1495710	50	A	0.95	2125	34	2092	2125
1499360	1543090	51	A	1.0	2197	72	2126	2197
1544580	1556740	52	A	0.74911	2226	29	2198	2226
1558920	1576524	53	A	0.86689	2253	27	2227	2253
1576722	1600290	54	D	0.93918	2302	49	2254	2302
1602420	1622132	55	D	0.58	2345	43	2303	2345
1622196	1645212	56	A	1.0	2390	45	2346	2390
1645356	1664010	57	A	0.52	2430	40	2391	2430
1668780	1674010	58	D	1.0	2435	5	2431	2435
1678480	1708852	59	E	0.57396	2506	71	2436	2506
1708906	1730524	60	E	0.53938	2558	52	2507	2558
1730722	1736750	61	E	0.59	2570	12	2559	2570
1738880	1764612	62	A	0.92	2631	61	2571	2631
1764666	1766840	63	A	1.0	2636	5	2632	2636
1770140	1841732	64	B	0.86	2771	135	2637	2771
1841816	1870040	65	B	0.99991	2835	64	2772	2835
1870190	1906580	66	A	0.99999	2925	90	2836	2925
1911020	1913530	67	E	1.0	2932	7	2926	2932
1916780	1946560	68	E	0.74	3008	76	2933	3008
1947000	1963512	69	E	0.99998	3043	35	3009	3043
1963566	1981632	70	A	0.98	3089	46	3044	3089
1981766	2007450	71	A	0.99647	3149	60	3090	3149
2010700	2040560	72	A	0.99	3217	68	3150	3217
2040630	2049220	73	A	0.53	3229	12	3218	3229
2052250	2054520	74	A	1.0	3235	6	3230	3235
2056590	2064442	75	C	0.52	3253	18	3236	3253
2064496	2095090	76	A	0.56954	3298	45	3254	3298
2098730	2126030	77	A	1.0	3350	52	3299	3350
2126930	2155314	78	A	0.99795	3409	59	3351	3409
2155442	2179518	79	A	0.99736	3476	67	3410	3476
2179684	2182000	80	A	1.0	3484	8	3477	3484
2184370	2220960	81	A	0.99997	3555	71	3485	3555
2222770	2247154	82	A	1.0	3619	64	3556	3619
2247192	2263990	83	A	1.0	3670	51	3620	3670
2264070	2298822	84	A	0.85871	3746	76	3671	3746
2298876	2312940	85	A	0.64598	3776	30	3747	3776
2317230	2325790	86	A	0.97354	3793	17	3777	3793
2331010	2369340	87	A	0.85	3875	82	3794	3875
2370350	2409480	88	A	0.99799	3947	72	3876	3947
2413180	2426040	89	A	1.0	3966	19	3948	3966
2428800	2442530	90	A	0.9998	4000	34	3967	4000
2445220	2480750	91	A	0.99993	4085	85	4001	4085
2482160	2519210	92	A	1.0	4172	87	4086	4172
2520220	2543010	93	A	1.0	4216	44	4173	4216
2543780	2575880	94	A	0.99994	4269	53	4217	4269
2580330	2612914	95	A	0.58	4336	67	4270	4336
2613112	2660898	96	C	0.75293	4417	81	4337	4417
2661064	2682460	97	A	0.5457	4464	47	4418	4464
2684990	2707540	98	A	1.0	4502	38	4465	4502
2710710	2760320	99	A	1.0	4583	81	4503	4583
2761410	2797210	100	A	1.0	4658	75	4584	4658
2801770	2842020	101	A	0.96418	4735	77	4659	4735
2843510	2880080	102	A	0.99754	4822	87	4736	4822
2880930	2884500	103	A	0.98811	4834	12	4823	4834
2886550	2913434	104	A	0.65	4909	75	4835	4909
2913632	2940820	105	A	0.99976	4965	56	4910	4965
2943510	2962060	106	A	1.0	5008	43	4966	5008
2966470	2976520	107	A	0.77	5032	24	5009	5032
2978730	2989130	108	A	1.0	5056	24	5033	5056
2991150	3001310	109	A	0.65905	5080	24	5057	5080
3003330	3015620	110	A	1.0	5107	27	5081	5107
3018230	3028070	111	A	1.0	5124	17	5108	5124
3030330	3063810	112	A	0.55	5172	48	5125	5172
3063880	3071380	113	A	0.99992	5192	20	5173	5192
3079940	3119950	114	C	0.91	5273	81	5193	5273
3122900	3178096	115	B	0.9981	5394	121	5274	5394
3178278	3192150	116	C	0.89659	5424	30	5395	5424
3194200	3211630	117	C	0.99	5462	38	5425	5462
3214160	3246064	118	D	0.99	5521	59	5463	5521
3246192	3257610	119	A	0.99998	5546	25	5522	5546
3259740	3282930	120	D	0.77	5624	78	5547	5624
3284740	3289040	121	A	1.0	5629	5	5625	5629
3292500	3293740	122	D	0.78985	5632	3	5630	5632
