start	end	paragNum	speaker	pconfid	wordPos	paragWordPos	paragFirstWordCount	paragLastWordCount
330	20910	1	A	0.8	42	42	1	42
21890	35666	2	B	0.99999	77	35	43	77
35858	67860	3	A	0.99966	162	85	78	162
69910	125166	4	A	0.89756	299	137	163	299
125198	150966	5	A	0.98691	365	66	300	365
150998	181560	6	A	0.9999	450	85	366	450
183930	231026	7	A	1.0	579	129	451	579
231138	270690	8	A	1.0	669	90	580	669
272310	302582	9	A	0.12269	763	94	670	763
302646	344940	10	A	0.99983	855	92	764	855
346510	412190	11	A	0.97	1000	145	856	1000
414310	473570	12	A	0.80668	1155	155	1001	1155
475450	511930	13	A	0.99	1253	98	1156	1253
512010	547530	14	A	0.99966	1352	99	1254	1352
547870	582150	15	A	0.99999	1464	112	1353	1464
583930	613434	16	A	1.0	1556	92	1465	1556
613482	651470	17	A	1.0	1665	109	1557	1665
651540	697114	18	A	1.0	1767	102	1666	1767
697232	733778	19	A	0.99978	1858	91	1768	1858
733954	792410	20	A	1.0	2015	157	1859	2015
793710	826578	21	A	0.98469	2113	98	2016	2113
826744	862538	22	A	1.0	2219	106	2114	2219
862714	877190	23	A	0.56877	2267	48	2220	2267
881290	904894	24	A	0.76837	2351	84	2268	2351
905092	925620	25	A	0.98681	2423	72	2352	2423
926470	965682	26	A	0.99832	2539	116	2424	2539
965736	972820	27	A	0.97	2559	20	2540	2559
975590	1005834	28	A	0.97513	2643	84	2560	2643
1005882	1018718	29	A	0.99999	2680	37	2644	2680
1018894	1053546	30	A	1.0	2764	84	2681	2764
1053738	1092170	31	A	1.0	2859	95	2765	2859
1094190	1146646	32	A	1.0	2987	128	2860	2987
1146678	1194698	33	A	0.79338	3116	129	2988	3116
1194864	1245254	34	A	0.99283	3236	120	3117	3236
1245382	1274610	35	A	1.0	3308	72	3237	3308
1277050	1313966	36	A	0.99939	3401	93	3309	3401
1313998	1336520	37	A	0.99913	3456	55	3402	3456
1339150	1402634	38	A	0.99896	3612	156	3457	3612
1402682	1433640	39	A	0.85431	3699	87	3613	3699
1434170	1457242	40	A	0.98	3759	60	3700	3759
1457306	1489738	41	A	0.99942	3849	90	3760	3849
1489904	1503470	42	A	1.0	3885	36	3850	3885
1506290	1538050	43	A	0.98	3979	94	3886	3979
1538140	1562382	44	A	0.99986	4055	76	3980	4055
1562516	1597130	45	A	0.6	4143	88	4056	4143
1597470	1636470	46	A	1.0	4238	95	4144	4238
1639390	1667410	47	A	1.0	4318	80	4239	4318
1670710	1717822	48	A	0.99974	4422	104	4319	4422
1717886	1750986	49	A	0.99998	4517	95	4423	4517
1751178	1774574	50	A	1.0	4578	61	4518	4578
1774622	1804910	51	A	0.99992	4678	100	4579	4678
1806210	1824770	52	A	0.99916	4730	52	4679	4730
1826970	1828390	53	C	0.98112	4733	3	4731	4733
1831930	1873618	54	C	0.99779	4840	107	4734	4840
1873784	1913330	55	C	1.0	4927	87	4841	4927
1914470	1955680	56	C	1.0	5010	83	4928	5010
1956210	2002074	57	C	0.99958	5086	76	5011	5086
2002122	2038550	58	C	0.97	5162	76	5087	5162
2039130	2085670	59	C	0.77542	5242	80	5163	5242
2086650	2108350	60	C	0.95741	5299	57	5243	5299
2108690	2164690	61	C	1.0	5411	112	5300	5411
2164840	2197530	62	C	1.0	5489	78	5412	5489
2197600	2225714	63	C	0.99986	5555	66	5490	5555
2225842	2261598	64	C	1.0	5649	94	5556	5649
2261764	2331766	65	C	1.0	5782	133	5650	5782
2331868	2417220	66	C	0.99294	5946	164	5783	5946
2417590	2469502	67	C	0.98	6062	116	5947	6062
2469566	2522610	68	C	0.99947	6170	108	6063	6170
2524630	2589654	69	C	0.98	6286	116	6171	6286
2589782	2626920	70	C	0.54	6368	82	6287	6368
2627930	2671198	71	C	1.0	6459	91	6369	6459
2671374	2754270	72	C	0.99975	6622	163	6460	6622
2755330	2775460	73	C	0.99997	6673	51	6623	6673
2779690	2814254	74	C	1.0	6745	72	6674	6745
2814382	2884870	75	C	0.99978	6893	148	6746	6893
2885020	2942538	76	C	1.0	7014	121	6894	7014
2942704	2990362	77	C	1.0	7125	111	7015	7125
2990416	3028310	78	C	0.99988	7205	80	7126	7205
3028970	3091814	79	C	0.99999	7329	124	7206	7329
3091862	3131942	80	C	0.99961	7421	92	7330	7421
3132076	3182994	81	C	0.99881	7510	89	7422	7510
3183122	3227990	82	C	0.99997	7611	101	7511	7611
3228570	3257280	83	C	0.99999	7659	48	7612	7659
3259730	3316006	84	C	1.0	7776	117	7660	7776
3316058	3387954	85	C	1.0	7928	152	7777	7928
3388002	3447180	86	C	1.0	8045	117	7929	8045
3450370	3490890	87	C	0.99994	8137	92	8046	8137
3491550	3584630	88	C	1.0	8333	196	8138	8333
3585690	3635154	89	C	0.85136	8440	107	8334	8440
3635202	3647980	90	C	1.0	8474	34	8441	8474
3651570	3661630	91	B	0.9948	8492	18	8475	8492
3664630	3703342	92	D	0.98264	8590	98	8493	8590
3703396	3714420	93	D	1.0	8609	19	8591	8609
3718060	3750850	94	B	0.97491	8685	76	8610	8685
3754680	3829100	95	A	1.0	8835	150	8686	8835
3830880	3876490	96	A	1.0	8939	104	8836	8939
3879660	3916664	97	B	0.98242	9024	85	8940	9024
3916862	3987870	98	B	1.0	9151	127	9025	9151
3991970	4047280	99	C	0.99	9254	103	9152	9254
4049330	4097338	100	C	0.66924	9345	91	9255	9345
4097434	4133450	101	A	0.9964	9441	96	9346	9441
4136510	4160980	102	B	0.98895	9488	47	9442	9488
4161350	4214180	103	D	0.56	9595	107	9489	9595
4216230	4251790	104	A	0.99998	9694	99	9596	9694
4251860	4282534	105	C	0.99958	9782	88	9695	9782
4282662	4320920	106	D	1.0	9860	78	9783	9860
4323210	4344910	107	D	0.95	9909	49	9861	9909
4348850	4424034	108	A	0.99	10060	151	9910	10060
4424082	4491386	109	A	1.0	10200	140	10061	10200
4491408	4527542	110	B	0.998	10287	87	10201	10287
4527676	4548510	111	B	1.0	10334	47	10288	10334
4551010	4597370	112	B	0.63532	10423	89	10335	10423
4603310	4634170	113	C	0.93	10485	62	10424	10485
4636190	4643100	114	C	0.86559	10498	13	10486	10498
4645650	4650480	115	D	0.53568	10510	12	10499	10510
4653570	4727590	116	D	0.96653	10656	146	10511	10656
4732430	4734800	117	A	0.76243	10664	8	10657	10664
4737490	4775180	118	B	0.98	10750	86	10665	10750
4787060	4788800	119	D	0.95817	10756	6	10751	10756
4797240	4819084	120	C	0.9237	10818	62	10757	10818
4819202	4900464	121	A	0.99957	10991	173	10819	10991
4900512	4935170	122	B	1.0	11070	79	10992	11070
4940180	4942660	123	A	0.50716	11076	6	11071	11076
4945240	4960760	124	B	0.99996	11114	38	11077	11114
4963580	4964650	125	C	0.66219	11116	2	11115	11116
4967840	5007450	126	A	0.99805	11210	94	11117	11210
5010780	5035596	127	A	0.99999	11275	65	11211	11275
5035628	5046020	128	A	1.0	11307	32	11276	11307
5048840	5077340	129	A	0.99987	11376	69	11308	11376
5082940	5092356	130	B	0.99994	11395	19	11377	11395
5092548	5130128	131	D	0.99756	11481	86	11396	11481
5130304	5137924	132	D	0.90702	11500	19	11482	11500
5138042	5146510	133	A	0.81	11520	20	11501	11520
5147200	5149080	134	C	0.99976	11527	7	11521	11527
