start	end	paragNum	speaker	pconfid	wordPos	paragWordPos	paragFirstWordCount	paragLastWordCount
410	17774	1	A	0.3922	41	41	1	41
17892	33320	2	B	1.0	84	43	42	84
33930	90118	3	A	0.99802	232	148	85	232
90214	121006	4	A	1.0	329	97	233	329
121118	162880	5	A	0.99999	436	107	330	436
163570	198780	6	A	0.9	550	114	437	550
199150	233490	7	A	0.99977	635	85	551	635
233650	268100	8	A	1.0	722	87	636	722
268630	316174	9	A	1.0	847	125	723	847
316222	353454	10	A	1.0	947	100	848	947
353492	391046	11	A	0.72502	1060	113	948	1060
391158	416494	12	A	1.0	1127	67	1061	1127
416542	460880	13	A	1.0	1279	152	1128	1279
461570	488650	14	A	1.0	1357	78	1280	1357
490510	497420	15	A	1.0	1381	24	1358	1381
499790	527042	16	A	1.0	1462	81	1382	1462
527186	560714	17	A	0.87	1554	92	1463	1554
560762	590810	18	A	0.9991	1632	78	1555	1632
592350	635250	19	A	1.0	1782	150	1633	1782
635330	652240	20	A	1.0	1840	58	1783	1840
654690	675426	21	A	1.0	1909	69	1841	1909
675608	711050	22	A	1.0	2018	109	1910	2018
711130	740970	23	A	1.0	2122	104	2019	2122
741710	786210	24	A	0.99	2232	110	2123	2232
786370	834962	25	A	1.0	2367	135	2233	2367
835026	839530	26	A	1.0	2383	16	2368	2383
844560	899144	27	A	0.97	2514	131	2384	2514
899272	958124	28	A	0.99999	2641	127	2515	2641
958252	992172	29	A	1.0	2715	74	2642	2715
992306	1026384	30	A	1.0	2806	91	2716	2806
1026512	1092350	31	A	1.0	2963	157	2807	2963
1093440	1136644	32	A	0.98	3072	109	2964	3072
1136772	1172470	33	A	1.0	3163	91	3073	3163
1175800	1218976	34	A	0.88	3273	110	3164	3273
1219168	1248460	35	A	1.0	3351	78	3274	3351
1249360	1292780	36	A	0.99994	3462	111	3352	3462
1295120	1339012	37	A	1.0	3562	100	3463	3562
1339076	1383992	38	A	1.0	3680	118	3563	3680
1384046	1421392	39	A	0.56	3765	85	3681	3765
1421456	1488970	40	A	0.58	3938	173	3766	3938
1490160	1520612	41	A	1.0	4017	79	3939	4017
1520666	1551100	42	A	0.96914	4082	65	4018	4082
1551940	1568790	43	A	0.99	4112	30	4083	4112
1571000	1599770	44	A	1.0	4185	73	4113	4185
1599920	1629362	45	A	0.98	4271	86	4186	4271
1629416	1679606	46	A	0.99989	4395	124	4272	4395
1679788	1702060	47	A	1.0	4455	60	4396	4455
1704030	1738882	48	A	1.0	4560	105	4456	4560
1739026	1747210	49	A	0.67	4577	17	4561	4577
1749790	1777890	50	A	1.0	4654	77	4578	4654
1777960	1829758	51	A	0.99962	4789	135	4655	4789
1829944	1878786	52	A	1.0	4921	132	4790	4921
1878968	1912330	53	A	0.82	5001	80	4922	5001
1912410	1951606	54	A	0.99	5100	99	5002	5100
1951638	1979880	55	A	0.99986	5168	68	5101	5168
1981130	2018214	56	A	1.0	5266	98	5169	5266
2018362	2043820	57	A	1.0	5336	70	5267	5336
2045070	2074834	58	A	0.85	5418	82	5337	5418
2075032	2115710	59	A	0.99	5525	107	5419	5525
2117990	2119940	60	A	1.0	5531	6	5526	5531
2122870	2140390	61	A	1.0	5570	39	5532	5570
2142830	2201510	62	A	0.98	5731	161	5571	5731
2201670	2269170	63	A	1.0	5884	153	5732	5884
2269240	2321826	64	A	0.92	5995	111	5885	5995
2321928	2374206	65	A	1.0	6135	140	5996	6135
2374318	2395260	66	A	0.99	6200	65	6136	6200
2395950	2431314	67	A	0.99659	6293	93	6201	6293
2431432	2487560	68	A	1.0	6454	161	6294	6454
2488490	2519806	69	A	0.99999	6531	77	6455	6531
2519918	2531970	70	A	1.0	6556	25	6532	6556
2533990	2580920	71	A	1.0	6667	111	6557	6667
2582410	2587240	72	A	1.0	6674	7	6668	6674
2591290	2615694	73	A	1.0	6739	65	6675	6739
2615732	2651194	74	A	0.99999	6831	92	6740	6831
2651232	2688770	75	A	1.0	6936	105	6832	6936
2688850	2722718	76	A	1.0	7010	74	6937	7010
2722894	2781874	77	A	1.0	7158	148	7011	7158
2782002	2822686	78	A	1.0	7248	90	7159	7248
2822798	2859966	79	A	1.0	7340	92	7249	7340
2860068	2908480	80	A	1.0	7440	100	7341	7440
2911250	2933030	81	A	0.77	7496	56	7441	7496
2935450	2965406	82	A	1.0	7593	97	7497	7593
2965508	2991990	83	A	1.0	7662	69	7594	7662
2992060	3046058	84	A	1.0	7778	116	7663	7778
3046144	3091782	85	A	1.0	7898	120	7779	7898
3091916	3125938	86	A	0.99	7977	79	7899	7977
3126104	3170062	87	A	0.99998	8086	109	7978	8086
3170126	3193340	88	A	1.0	8162	76	8087	8162
3194990	3229798	89	A	1.0	8245	83	8163	8245
3229884	3252620	90	A	0.79171	8297	52	8246	8297
3255870	3295322	91	A	1.0	8409	112	8298	8409
3295456	3328638	92	A	0.98	8498	89	8410	8498
3328814	3373090	93	A	1.0	8601	103	8499	8601
3373160	3413390	94	A	0.87	8699	98	8602	8699
3413890	3444460	95	A	0.63	8775	76	8700	8775
3446830	3516000	96	A	0.57184	8948	173	8776	8948
3516390	3548278	97	A	1.0	9030	82	8949	9030
3548454	3607514	98	A	0.95	9155	125	9031	9155
3607562	3639270	99	A	1.0	9233	78	9156	9233
3639420	3678210	100	A	0.99	9311	78	9234	9311
3678810	3690150	101	A	1.0	9338	27	9312	9338
3693800	3728410	102	A	0.95	9409	71	9339	9409
3729340	3781740	103	A	0.99943	9565	156	9410	9565
3781900	3826072	104	A	1.0	9684	119	9566	9684
3826136	3860808	105	A	1.0	9772	88	9685	9772
3860974	3905510	106	A	0.99998	9888	116	9773	9888
3905960	3961480	107	A	0.99952	10017	129	9889	10017
3961630	3989744	108	A	0.61	10081	64	10018	10081
3989782	4051328	109	A	0.99192	10203	122	10082	10203
4051344	4090930	110	A	1.0	10302	99	10204	10302
4092660	4140124	111	A	0.75	10419	117	10303	10419
4140252	4194980	112	A	1.0	10546	127	10420	10546
4196920	4232892	113	A	1.0	10632	86	10547	10632
4233036	4283492	114	A	1.0	10766	134	10633	10766
4283656	4331808	115	A	0.98279	10881	115	10767	10881
4331974	4370350	116	A	1.0	10975	94	10882	10975
4371360	4390370	117	A	0.94	11026	51	10976	11026
4391060	4439840	118	A	0.88	11165	139	11027	11165
4440340	4479260	119	A	0.99966	11255	90	11166	11255
4479330	4529516	120	A	0.99978	11389	134	11256	11389
4529618	4550388	121	A	0.97882	11433	44	11390	11433
4550474	4576650	122	A	1.0	11489	56	11434	11489
4578750	4629750	123	A	0.99998	11616	127	11490	11616
4629910	4671606	124	A	1.0	11725	109	11617	11725
4671718	4680650	125	A	1.0	11747	22	11726	11747
4683090	4716440	126	A	1.0	11829	82	11748	11829
4719050	4740862	127	A	1.0	11883	54	11830	11883
4740916	4768374	128	A	1.0	11956	73	11884	11956
4768572	4816630	129	A	0.99999	12084	128	11957	12084
4819470	4871830	130	A	1.0	12223	139	12085	12223
4871990	4906766	131	A	1.0	12321	98	12224	12321
4906878	4932906	132	A	1.0	12400	79	12322	12400
4933098	4970090	133	A	1.0	12500	100	12401	12500
4970750	5019626	134	A	1.0	12618	118	12501	12618
5019728	5069900	135	A	0.99999	12728	110	12619	12728
5073420	5097116	136	A	1.0	12805	77	12729	12805
5097148	5126120	137	A	0.99995	12881	76	12806	12881
5126270	5178184	138	A	1.0	13002	121	12882	13002
5178382	5224072	139	A	0.97	13121	119	13003	13121
5224206	5262672	140	A	1.0	13222	101	13122	13222
5262816	5271240	141	A	0.99991	13240	18	13223	13240
5273500	5288888	142	A	1.0	13279	39	13241	13279
5288984	5318400	143	A	1.0	13347	68	13280	13347
5318480	5356576	144	A	1.0	13427	80	13348	13427
5356678	5391550	145	A	0.99997	13522	95	13428	13522
5395430	5407350	146	B	0.99966	13558	36	13523	13558
5408810	5435914	147	A	0.99582	13645	87	13559	13645
5435962	5470060	148	A	0.99999	13743	98	13646	13743
5471870	5478862	149	A	0.94	13761	18	13744	13761
5478916	5505910	150	A	0.77974	13810	49	13762	13810
5506060	5532954	151	A	0.99992	13886	76	13811	13886
5533152	5535940	152	B	0.97756	13894	8	13887	13894
5539590	5539870	153	A	0.35728	13895	1	13895	13895
