start	end	paragNum	speaker	pconfid	wordPos	paragWordPos	paragFirstWordCount	paragLastWordCount
90	17930	1	A	0.12549	19	19	1	19
18080	71400	2	A	0.99992	103	84	20	103
96020	161540	3	A	0.96	232	129	104	232
165580	183660	4	A	0.96879	253	21	233	253
193470	275810	5	B	0.99887	375	122	254	375
282070	306250	6	C	0.9991	430	55	376	430
311580	345760	7	A	0.61	486	56	431	486
347860	364570	8	A	1.0	526	40	487	526
367020	380110	9	A	0.99991	573	47	527	573
382560	418570	10	C	0.98775	657	84	574	657
422880	426380	11	C	1.0	664	7	658	664
431200	467640	12	C	0.94	719	55	665	719
468300	474190	13	C	1.0	734	15	720	734
477280	508660	14	C	0.76	807	73	735	807
509740	519930	15	C	0.92701	833	26	808	833
522640	556880	16	C	0.99752	901	68	834	901
572810	659160	17	A	0.47023	1039	138	902	1039
664990	681440	18	B	0.98731	1077	38	1040	1077
684130	702680	19	B	0.99947	1105	28	1078	1105
705050	755510	20	A	0.99613	1174	69	1106	1174
758570	774490	21	A	0.99859	1191	17	1175	1191
777490	791540	22	C	0.89	1222	31	1192	1222
793590	843762	23	C	0.99182	1313	91	1223	1313
843816	892340	24	C	0.56801	1403	90	1314	1403
893350	928970	25	A	0.66254	1472	69	1404	1472
929130	986320	26	A	0.9956	1586	114	1473	1586
986710	1013160	27	C	0.62	1651	65	1587	1651
1018080	1071870	28	A	0.99815	1728	77	1652	1728
1074960	1078400	29	A	0.99997	1733	5	1729	1733
1086720	1145170	30	A	0.99922	1828	95	1734	1828
1145620	1166950	31	A	1.0	1870	42	1829	1870
1173100	1178570	32	A	0.99952	1875	5	1871	1875
1187910	1210220	33	A	0.99546	1919	44	1876	1919
1212910	1216670	34	A	0.81	1926	7	1920	1926
1219090	1243210	35	A	0.97713	1940	14	1927	1940
1245630	1265460	36	A	0.972	1966	26	1941	1966
1271510	1276680	37	C	0.99637	1976	10	1967	1976
1279770	1352080	38	C	0.86886	2110	134	1977	2110
1353650	1391562	39	C	0.99484	2204	94	2111	2204
1391616	1441186	40	C	0.84902	2294	90	2205	2294
1441298	1522478	41	A	0.86832	2437	143	2295	2437
1522574	1525060	42	A	1.0	2446	9	2438	2446
1527530	1550720	43	A	0.99933	2474	28	2447	2474
1552770	1561710	44	A	0.99974	2495	21	2475	2495
1569940	1573490	45	C	0.99165	2506	11	2496	2506
1581250	1584110	46	A	0.81246	2510	4	2507	2510
1587890	1597650	47	A	0.99983	2526	16	2511	2526
1599910	1606680	48	A	0.95584	2540	14	2527	2540
1610350	1615930	49	A	0.99618	2555	15	2541	2555
1625110	1635300	50	A	0.99958	2580	25	2556	2580
1637510	1654934	51	C	0.93131	2628	48	2581	2628
1654982	1665710	52	A	0.72896	2646	18	2629	2646
1669490	1702506	53	A	0.75385	2706	60	2647	2706
1702688	1752170	54	A	0.99997	2811	105	2707	2811
1754190	1768750	55	A	0.99819	2836	25	2812	2836
1771090	1798600	56	A	0.94986	2885	49	2837	2885
1804600	1827400	57	A	0.81446	2917	32	2886	2917
1829440	1890860	58	A	1.0	3000	83	2918	3000
1899160	1911640	59	A	1.0	3019	19	3001	3019
1932450	1942900	60	A	0.63683	3038	19	3020	3038
1946710	1954520	61	A	0.99753	3057	19	3039	3057
1956570	1988762	62	A	0.9985	3113	56	3058	3113
1988816	1990940	63	A	1.0	3120	7	3114	3120
1996490	2003190	64	A	0.70173	3131	11	3121	3131
2005470	2033300	65	B	0.998	3175	44	3132	3175
2033750	2043750	66	B	1.0	3196	21	3176	3196
2043820	2048200	67	A	0.99733	3201	5	3197	3201
2050250	2061260	68	A	0.80126	3222	21	3202	3222
2063390	2077870	69	A	0.92139	3238	16	3223	3238
2081270	2105270	70	A	0.97874	3276	38	3239	3276
2108350	2128682	71	A	0.99997	3324	48	3277	3324
2128826	2141300	72	A	0.5	3353	29	3325	3353
2146410	2163530	73	C	0.99897	3392	39	3354	3392
2166750	2173620	74	A	1.0	3398	6	3393	3398
2176440	2218130	75	A	0.99963	3480	82	3399	3480
2218900	2257840	76	A	1.0	3573	93	3481	3573
2258900	2295096	77	C	0.49	3680	107	3574	3680
2295198	2325510	78	C	1.0	3775	95	3681	3775
2328680	2343240	79	A	0.89	3800	25	3776	3800
2347760	2367600	80	A	0.94001	3836	36	3801	3836
2370420	2381700	81	A	0.99999	3860	24	3837	3860
2383900	2442440	82	A	0.99943	3956	96	3861	3956
2448510	2456720	83	A	0.58024	3978	22	3957	3978
2464050	2520980	84	A	0.87048	4085	107	3979	4085
2523750	2531110	85	A	0.92213	4091	6	4086	4091
2533450	2541690	86	A	0.99998	4106	15	4092	4106
2543870	2581400	87	A	0.99991	4179	73	4107	4179
2587190	2659478	88	B	0.9968	4292	113	4180	4292
2659654	2668030	89	B	0.99993	4311	19	4293	4311
2671170	2683890	90	A	0.99986	4339	28	4312	4339
2685910	2693560	91	A	0.99971	4360	21	4340	4360
2696330	2758090	92	A	0.98339	4451	91	4361	4451
2758830	2849206	93	A	1.0	4601	150	4452	4601
2849388	2883170	94	A	0.85	4670	69	4602	4670
2887990	2905260	95	A	0.99999	4701	31	4671	4701
2907710	2910890	96	A	0.77556	4709	8	4702	4709
2914190	2922990	97	A	0.99917	4717	8	4710	4717
2926370	2938340	98	A	0.88128	4754	37	4718	4754
2939430	2969760	99	A	0.99355	4802	48	4755	4802
2971330	2982260	100	A	0.99967	4824	22	4803	4824
2983350	2990930	101	A	0.9929	4837	13	4825	4837
2998500	3003040	102	A	0.96623	4841	4	4838	4841
3005220	3031960	103	A	0.99996	4884	43	4842	4884
3035360	3042110	104	B	0.98	4904	20	4885	4904
3046180	3055230	105	A	0.88792	4918	14	4905	4918
3060390	3108650	106	A	0.81276	4997	79	4919	4997
3109110	3124370	107	C	0.36189	5036	39	4998	5036
3129560	3131330	108	A	0.98681	5039	3	5037	5039
