start	end	paragNum	speaker	pconfid	wordPos	paragWordPos	paragFirstWordCount	paragLastWordCount
5850	6400	1	A	0.67517	1	1	1	1
8450	29598	2	B	0.75905	48	47	2	48
29684	55798	3	A	0.99941	110	62	49	110
55984	110880	4	A	0.6588	245	135	111	245
112050	144730	5	A	0.99998	324	79	246	324
147390	182642	6	A	0.99998	410	86	325	410
182786	232098	7	A	0.9999	501	91	411	501
232274	278530	8	A	0.99999	575	74	502	575
279110	348380	9	A	0.99114	699	124	576	699
349790	395370	10	A	0.99998	812	113	700	812
397470	449734	11	A	0.6425	920	108	813	920
449862	478050	12	A	1.0	981	61	921	981
480570	515390	13	A	0.99852	1061	80	982	1061
515890	575090	14	A	1.0	1174	113	1062	1174
575910	620370	15	A	0.99991	1262	88	1175	1262
622630	658750	16	A	0.99982	1333	71	1263	1333
661670	714210	17	A	0.99999	1437	104	1334	1437
715190	764500	18	A	0.60457	1539	102	1438	1539
764950	784730	19	A	0.60825	1582	43	1540	1582
786750	812290	20	A	0.99977	1639	57	1583	1639
814390	882018	21	A	0.99997	1775	136	1640	1775
882124	888570	22	A	0.99996	1789	14	1776	1789
890670	949730	23	A	1.0	1908	119	1790	1908
950550	978890	24	A	1.0	1979	71	1909	1979
981070	1015510	25	A	0.99008	2063	84	1980	2063
1016250	1052930	26	A	0.99997	2161	98	2064	2161
1053430	1097810	27	A	0.99974	2251	90	2162	2251
1098310	1151374	28	A	0.99999	2362	111	2252	2362
1151422	1190240	29	A	0.99801	2447	85	2363	2447
1193010	1232890	30	A	0.69929	2514	67	2448	2514
1235170	1268710	31	A	0.99934	2583	69	2515	2583
1270730	1324250	32	A	0.99981	2701	118	2584	2701
1324830	1326380	33	A	0.83724	2706	5	2702	2706
1330660	1352200	34	A	0.9941	2754	48	2707	2754
1355450	1382750	35	A	0.65716	2819	65	2755	2819
1385900	1393390	36	A	0.99999	2838	19	2820	2838
1397030	1446180	37	A	0.99922	2946	108	2839	2946
1452360	1482450	38	A	0.79059	3003	57	2947	3003
1485390	1511890	39	A	0.9999	3059	56	3004	3059
1518170	1565140	40	A	0.99996	3149	90	3060	3149
1567270	1577450	41	A	0.25	3168	19	3150	3168
1579550	1636730	42	A	0.76121	3297	129	3169	3297
1637250	1660690	43	A	0.99912	3348	51	3298	3348
1663640	1706400	44	A	0.82309	3438	90	3349	3438
1709710	1723790	45	A	1.0	3471	33	3439	3471
1727540	1746760	46	A	0.99814	3511	40	3472	3511
1749580	1807416	47	A	0.98659	3620	109	3512	3620
1807528	1831140	48	A	0.99923	3670	50	3621	3670
1835270	1900790	49	A	0.56647	3789	119	3671	3789
1903370	1947000	50	A	1.0	3878	89	3790	3878
1950990	1975810	51	A	0.99995	3932	54	3879	3932
1977990	2000090	52	A	1.0	3979	47	3933	3979
2002190	2047210	53	A	0.99998	4085	106	3980	4085
2049630	2099338	54	A	1.0	4191	106	4086	4191
2099504	2142230	55	A	1.0	4295	104	4192	4295
2144970	2166910	56	A	0.99841	4353	58	4296	4353
2169410	2213258	57	A	0.99999	4451	98	4354	4451
2213434	2228130	58	A	0.99973	4493	42	4452	4493
2231660	2260900	59	A	0.99992	4562	69	4494	4562
2265370	2307970	60	A	0.93526	4649	87	4563	4649
2308630	2367830	61	A	1.0	4780	131	4650	4780
2370170	2383130	62	A	1.0	4804	24	4781	4804
2385390	2407170	63	A	0.99972	4854	50	4805	4854
2409190	2451090	64	A	0.9994	4954	100	4855	4954
2453270	2496350	65	A	0.99987	5041	87	4955	5041
2497250	2508020	66	A	0.74759	5068	27	5042	5068
2510710	2518790	67	A	0.99998	5085	17	5069	5085
2520970	2565350	68	A	0.9997	5187	102	5086	5187
2567610	2601330	69	A	0.99351	5254	67	5188	5254
2601830	2632170	70	A	1.0	5315	61	5255	5315
2634900	2677280	71	A	0.9176	5406	91	5316	5406
2678340	2692740	72	A	0.9506	5436	30	5407	5436
2695670	2705270	73	A	0.99998	5458	22	5437	5458
2707610	2753350	74	A	0.97661	5554	96	5459	5554
2755690	2789280	75	A	0.93199	5624	70	5555	5624
2790150	2821100	76	A	0.37828	5702	78	5625	5702
2827770	2839420	77	B	0.99994	5724	22	5703	5724
2839870	2843340	78	B	1.0	5730	6	5725	5730
2846530	2868462	79	A	0.99962	5779	49	5731	5779
2868606	2929170	80	A	0.99647	5896	117	5780	5896
2929250	2947326	81	A	1.0	5952	56	5897	5952
2947428	2956670	82	A	1.0	5977	25	5953	5977
2959030	2967060	83	B	0.53594	5993	16	5978	5993
2969190	3009894	84	A	0.99929	6090	97	5994	6090
3010042	3050350	85	A	0.99938	6214	124	6091	6214
3050420	3071010	86	A	1.0	6278	64	6215	6278
3071350	3091334	87	A	0.56505	6345	67	6279	6345
3091382	3122370	88	A	0.99999	6431	86	6346	6431
3125490	3142546	89	B	0.99991	6483	52	6432	6483
3142568	3149990	90	B	0.97	6500	17	6484	6500
3152090	3196742	91	B	0.77993	6570	70	6501	6570
3196796	3209910	92	A	0.99774	6600	30	6571	6600
3209980	3222160	93	A	0.64995	6638	38	6601	6638
3222610	3260874	94	A	0.72783	6734	96	6639	6734
3261072	3308280	95	A	0.85532	6849	115	6735	6849
3309130	3333550	96	A	0.58529	6899	50	6850	6899
3333700	3384740	97	B	0.99989	7002	103	6900	7002
3389510	3390980	98	A	0.99999	7006	4	7003	7006
3393670	3394530	99	A	0.5	7007	1	7007	7007
3397270	3407670	100	A	0.99	7029	22	7008	7029
3409930	3437698	101	A	1.0	7078	49	7030	7078
3437784	3491870	102	A	0.99998	7187	109	7079	7187
3491950	3515974	103	A	1.0	7257	70	7188	7257
3516022	3542446	104	A	1.0	7332	75	7258	7332
3542478	3548210	105	A	0.99732	7351	19	7333	7351
3551160	3596336	106	B	0.99699	7452	101	7352	7452
3596438	3620760	107	A	0.73573	7493	41	7453	7493
3623900	3630700	108	A	0.93	7504	11	7494	7504
3633920	3668536	109	A	0.67362	7588	84	7505	7588
3668638	3693040	110	A	0.55111	7652	64	7589	7652
3695380	3756516	111	A	0.99975	7792	140	7653	7792
3756698	3827470	112	A	0.62	7948	156	7793	7948
3831440	3859190	113	B	0.77	8006	58	7949	8006
3859640	3862570	114	B	0.99999	8016	10	8007	8016
3865570	3883022	115	A	0.77526	8056	40	8017	8056
3883086	3895960	116	A	0.9999	8086	30	8057	8086
3900970	3935058	117	A	0.96278	8174	88	8087	8174
3935144	3967870	118	A	1.0	8237	63	8175	8237
3968930	4000630	119	A	0.99987	8312	75	8238	8312
4001070	4039798	120	A	1.0	8379	67	8313	8379
4039884	4065102	121	A	0.99979	8447	68	8380	8447
4065236	4080802	122	B	0.99995	8491	44	8448	8491
4080936	4107450	123	B	0.99998	8554	63	8492	8554
4108030	4118190	124	B	1.0	8581	27	8555	8581
4127990	4147654	125	A	1.0	8638	57	8582	8638
4147692	4159798	126	A	0.99996	8673	35	8639	8673
4159974	4200930	127	A	0.99996	8797	124	8674	8797
4201010	4215534	128	A	0.97458	8837	40	8798	8837
4215572	4228020	129	A	0.99995	8869	32	8838	8869
4233410	4260360	130	A	0.99961	8927	58	8870	8927
4261050	4301186	131	B	0.99991	9001	74	8928	9001
4301208	4306040	132	A	0.96975	9008	7	9002	9008
4309290	4340510	133	A	0.99988	9094	86	9009	9094
4340660	4383114	134	A	0.68	9185	91	9095	9185
4383162	4383760	135	A	0.99893	9186	1	9186	9186
4388250	4444200	136	B	0.99946	9286	100	9187	9286
4447630	4498322	137	B	0.99935	9359	73	9287	9359
4498466	4527890	138	A	0.99999	9436	77	9360	9436
4527960	4559690	139	A	0.99999	9520	84	9437	9520
4559760	4599994	140	A	0.99979	9607	87	9521	9607
4600192	4636894	141	A	1.0	9684	77	9608	9684
4636942	4664670	142	A	0.99984	9754	70	9685	9754
4666530	4699718	143	B	0.99997	9837	83	9755	9837
4699814	4731250	144	B	1.0	9905	68	9838	9905
4731830	4767040	145	B	0.54	9990	85	9906	9990
4767410	4818122	146	B	0.99999	10105	115	9991	10105
4818186	4836600	147	A	0.99999	10149	44	10106	10149
4837130	4850370	148	B	0.99365	10172	23	10150	10172
