start	end	paragNum	speaker	pconfid	wordPos	paragWordPos	paragFirstWordCount	paragLastWordCount
800	12230	1	A	0.50338	17	17	1	17
12760	39730	2	A	0.70092	77	60	18	77
48750	56940	3	B	0.68	97	20	78	97
58690	67710	4	A	0.78848	118	21	98	118
69910	84440	5	A	0.86957	150	32	119	150
97370	98120	6	A	0.80974	151	1	151	151
101130	121500	7	A	1.0	176	25	152	176
131210	135000	8	A	0.99992	189	13	177	189
146310	148600	9	B	0.99858	196	7	190	196
153560	218490	10	B	0.93383	299	103	197	299
224290	278766	11	A	0.89955	399	100	300	399
278798	302182	12	A	0.99907	439	40	400	439
302316	329410	13	A	0.99999	484	45	440	484
334980	337170	14	A	0.99999	491	7	485	491
343010	343760	15	A	0.76508	492	1	492	492
346450	409700	16	C	0.99065	608	116	493	608
411930	441930	17	A	0.98	679	71	609	679
442090	476700	18	A	1.0	755	76	680	755
479650	515100	19	A	0.99956	844	89	756	844
516270	569290	20	A	0.99993	958	114	845	958
569440	600850	21	A	0.9196	1040	82	959	1040
605680	656830	22	B	0.99941	1130	90	1041	1130
659040	688180	23	A	0.98	1179	49	1131	1179
694810	718006	24	A	0.83	1217	38	1180	1217
718038	720560	25	A	1.0	1225	8	1218	1225
724140	749090	26	A	0.99998	1281	56	1226	1281
750180	759920	27	A	0.99253	1294	13	1282	1294
762360	768900	28	A	0.91736	1302	8	1295	1302
772570	782490	29	A	0.80833	1324	22	1303	1324
783630	808770	30	A	0.99857	1389	65	1325	1389
808920	844350	31	A	0.81708	1465	76	1390	1465
844690	867640	32	A	0.99976	1524	59	1466	1524
868250	875260	33	A	0.99639	1543	19	1525	1543
890780	916850	34	A	0.66831	1599	56	1544	1599
927550	929530	35	A	0.97264	1606	7	1600	1606
936470	958362	36	A	1.0	1663	57	1607	1663
958496	988100	37	A	0.90725	1715	52	1664	1715
988570	1052490	38	A	0.99852	1841	126	1716	1841
1053630	1078020	39	A	0.99992	1897	56	1842	1897
1080150	1120800	40	A	0.92194	1988	91	1898	1988
1121170	1152570	41	A	0.99993	2059	71	1989	2059
1156750	1170670	42	A	0.85956	2092	33	2060	2092
1170740	1181860	43	A	0.99946	2118	26	2093	2118
1187500	1200110	44	B	0.73	2143	25	2119	2143
1204320	1208000	45	A	0.58	2155	12	2144	2155
1211480	1218390	46	A	0.99983	2175	20	2156	2175
1223340	1289196	47	B	0.99	2277	102	2176	2277
1289378	1406400	48	B	1.0	2464	187	2278	2464
1409720	1453130	49	B	0.93993	2517	53	2465	2517
1455840	1495588	50	A	0.98665	2594	77	2518	2594
1495764	1523868	51	A	0.84	2661	67	2595	2661
1523964	1585620	52	A	0.99988	2799	138	2662	2799
1588390	1593460	53	A	1.0	2811	12	2800	2811
1596620	1635830	54	B	0.96	2868	57	2812	2868
1636520	1679410	55	A	0.71796	2947	79	2869	2947
1680020	1686260	56	A	0.99999	2964	17	2948	2964
1689080	1732480	57	A	0.69	3039	75	2965	3039
1732630	1800680	58	B	0.99977	3161	122	3040	3161
1801420	1808910	59	A	0.99996	3194	33	3162	3194
1811580	1825940	60	A	0.50673	3218	24	3195	3218
1828150	1831560	61	A	0.52	3229	11	3219	3229
1835810	1844800	62	B	0.93567	3245	16	3230	3245
1849830	1858100	63	B	0.99577	3261	16	3246	3261
1860250	1886490	64	A	1.0	3327	66	3262	3327
1887390	1927914	65	A	0.99995	3426	99	3328	3426
1928112	1980860	66	A	1.0	3521	95	3427	3521
1988950	1992690	67	A	0.99972	3530	9	3522	3530
1999960	2033250	68	A	0.57371	3596	66	3531	3596
2033860	2065640	69	A	0.99998	3659	63	3597	3659
2066060	2082530	70	A	0.83	3690	31	3660	3690
2083220	2124076	71	A	1.0	3765	75	3691	3765
2124098	2176940	72	A	0.95439	3849	84	3766	3849
2178240	2208516	73	A	0.95818	3909	60	3850	3909
2208548	2227404	74	A	0.98993	3947	38	3910	3947
2227442	2259610	75	A	0.99999	4019	72	3948	4019
2272740	2274800	76	A	0.99653	4024	5	4020	4024
2284360	2325760	77	A	0.96	4104	80	4025	4104
2330610	2341140	78	A	0.49885	4132	28	4105	4132
2343270	2371190	79	A	0.99978	4204	72	4133	4204
2371350	2431200	80	A	0.95	4345	141	4205	4345
2432370	2473326	81	A	1.0	4427	82	4346	4427
2473508	2487780	82	A	0.84	4466	39	4428	4466
2491610	2515120	83	A	0.9377	4506	40	4467	4506
2519090	2527780	84	A	0.75	4519	13	4507	4519
2536400	2545330	85	A	0.92793	4540	21	4520	4540
2553510	2571670	86	A	0.9999	4582	42	4541	4582
2572090	2604020	87	A	0.99998	4637	55	4583	4637
2607230	2618000	88	A	0.99998	4661	24	4638	4661
2620930	2661500	89	A	0.99792	4733	72	4662	4733
2662990	2689650	90	A	1.0	4783	50	4734	4783
2692010	2715766	91	A	0.87929	4831	48	4784	4831
2715958	2736370	92	A	1.0	4874	43	4832	4874
2749580	2762720	93	A	0.99766	4879	5	4875	4879
2769870	2774410	94	A	0.86	4883	4	4880	4883
2779200	2806404	95	A	0.99991	4944	61	4884	4944
2806522	2827372	96	A	0.99989	4999	55	4945	4999
2827426	2867080	97	A	1.0	5096	97	5000	5096
2867500	2890690	98	A	0.99999	5153	57	5097	5153
2893540	2917876	99	A	0.97399	5215	62	5154	5215
2918068	2944850	100	A	0.90181	5282	67	5216	5282
2946820	2949890	101	A	1.0	5290	8	5283	5290
2952440	2955990	102	A	0.63	5300	10	5291	5300
2959160	2989090	103	A	0.96606	5383	83	5301	5383
2994230	3032770	104	A	1.0	5459	76	5384	5459
3037510	3059050	105	A	0.54901	5496	37	5460	5496
3065130	3095170	106	A	0.97034	5551	55	5497	5551
3097190	3129630	107	A	1.0	5632	81	5552	5632
3131810	3145540	108	A	0.99781	5669	37	5633	5669
3149080	3178030	109	A	0.99999	5757	88	5670	5757
3179440	3205210	110	A	0.68151	5837	80	5758	5837
3207740	3244308	111	A	0.99997	5945	108	5838	5945
3244474	3287090	112	A	0.99984	6039	94	5946	6039
3288100	3317740	113	A	0.9309	6109	70	6040	6109
3320460	3347760	114	A	0.72949	6179	70	6110	6179
3350740	3374630	115	A	0.99964	6221	42	6180	6221
3375240	3379528	116	B	0.9983	6230	9	6222	6230
