start	end	paragNum	speaker	pconfid	wordPos	paragWordPos	paragFirstWordCount	paragLastWordCount
3330	3880	1	A	0.77	1	1	1	1
6810	34458	2	B	0.53971	63	62	2	63
34634	58918	3	B	0.98131	114	51	64	114
59004	110214	4	C	0.99998	197	83	115	197
110412	120040	5	C	0.67556	209	12	198	209
124170	218754	6	C	0.70305	340	131	210	340
218802	253960	7	C	0.99981	400	60	341	400
260010	338340	8	C	0.95	528	128	401	528
341240	379010	9	C	1.0	578	50	529	578
386410	394710	10	B	0.99098	600	22	579	600
405120	414030	11	B	0.60218	605	5	601	605
417780	431300	12	B	1.0	637	32	606	637
433640	462910	13	B	0.99	713	76	638	713
463360	511224	14	B	0.99996	811	98	714	811
511352	568210	15	B	0.99571	941	130	812	941
570580	626912	16	C	0.68	1035	94	942	1035
626966	662590	17	B	0.99906	1095	60	1036	1095
666060	705510	18	B	0.98	1174	79	1096	1174
706360	752580	19	C	1.0	1245	71	1175	1245
753240	827916	20	C	1.0	1374	129	1246	1374
828018	882290	21	B	0.99892	1487	113	1375	1487
882980	944076	22	B	0.96798	1608	121	1488	1608
944268	973020	23	B	1.0	1675	67	1609	1675
976630	1034280	24	C	1.0	1803	128	1676	1803
1034810	1107040	25	C	0.74535	1937	134	1804	1937
1108530	1164900	26	C	0.99999	2038	101	1938	2038
1166150	1180920	27	C	0.99978	2074	36	2039	2074
1184660	1212010	28	C	0.74215	2124	50	2075	2124
1215500	1254020	29	B	0.99994	2192	68	2125	2192
1255000	1266200	30	B	0.99997	2208	16	2193	2208
1269100	1307860	31	C	0.99965	2263	55	2209	2263
1311100	1358340	32	C	0.9488	2336	73	2264	2336
1360600	1439306	33	C	1.0	2444	108	2337	2444
1439338	1457300	34	C	1.0	2486	42	2445	2486
1460010	1499486	35	B	0.99	2552	66	2487	2552
1499678	1543950	36	B	1.0	2639	87	2553	2639
1544370	1627354	37	B	0.99	2777	138	2640	2777
1627552	1673100	38	C	0.9999	2860	83	2778	2860
1675470	1744560	39	B	0.97073	3012	152	2861	3012
1745030	1800094	40	B	0.99885	3111	99	3013	3111
1800142	1876512	41	C	0.99988	3230	119	3112	3230
1876576	1948716	42	C	0.9994	3363	133	3231	3363
1948818	1983620	43	C	1.0	3415	52	3364	3415
1987870	1999870	44	C	0.99996	3429	14	3416	3429
2002900	2030200	45	B	0.92	3476	47	3430	3476
2030350	2065456	46	B	1.0	3565	89	3477	3565
2065558	2103184	47	B	1.0	3631	66	3566	3631
2103302	2161120	48	B	0.57	3744	113	3632	3744
2162280	2188844	49	B	0.99066	3798	54	3745	3798
2188962	2236040	50	B	1.0	3884	86	3799	3884
2239420	2306076	51	C	0.59	4026	142	3885	4026
2306268	2366704	52	B	1.0	4133	107	4027	4133
2366752	2423510	53	B	0.99981	4230	97	4134	4230
2425320	2428630	54	C	0.9995	4238	8	4231	4238
2458220	2462860	55	C	0.89	4249	11	4239	4249
2467200	2496790	56	C	0.57729	4300	51	4250	4300
2501720	2530000	57	C	1.0	4347	47	4301	4347
2532980	2567890	58	C	1.0	4414	67	4348	4414
2576380	2629220	59	B	0.93444	4507	93	4415	4507
2629380	2659680	60	B	0.99999	4575	68	4508	4575
2663680	2673680	61	C	0.99729	4589	14	4576	4589
2681330	2772632	62	C	0.99884	4697	108	4590	4697
2772766	2790220	63	C	1.0	4738	41	4698	4738
2792720	2839420	64	B	0.9999	4820	82	4739	4820
2841440	2920840	65	B	1.0	4959	139	4821	4959
2923820	2949810	66	B	0.99989	5019	60	4960	5019
2952420	2978090	67	C	0.84684	5069	50	5020	5069
2980300	3049040	68	B	1.0	5181	112	5070	5181
3054380	3088128	69	C	0.64	5271	90	5182	5271
3088144	3091670	70	B	0.91487	5283	12	5272	5283
3093880	3158772	71	B	0.9999	5397	114	5284	5397
3158836	3173330	72	C	0.47	5427	30	5398	5427
3175540	3190950	73	C	1.0	5458	31	5428	5458
3195780	3215400	74	B	0.99524	5501	43	5459	5501
3215820	3216810	75	B	0.95986	5503	2	5502	5503
3220460	3284588	76	A	0.99	5628	125	5504	5628
3284674	3303750	77	A	0.99977	5676	48	5629	5676
3307400	3309910	78	B	0.99999	5680	4	5677	5680
3312380	3334530	79	C	0.99937	5706	26	5681	5706
3338150	3376602	80	C	0.99959	5780	74	5707	5780
3376666	3378320	81	C	0.99993	5782	2	5781	5782
3381270	3446310	82	C	0.99986	5891	109	5783	5891
3448570	3537682	83	A	0.99995	6097	206	5892	6097
3537736	3609546	84	A	0.96	6258	161	6098	6258
3609728	3612140	85	A	0.9998	6264	6	6259	6264
3614910	3625680	86	A	1.0	6291	27	6265	6291
3628290	3660326	87	C	0.81	6360	69	6292	6360
3660438	3677950	88	C	1.0	6404	44	6361	6404
3680070	3703106	89	A	0.45	6457	53	6405	6457
3703298	3759990	90	B	1.0	6572	115	6458	6572
3760150	3818734	91	B	1.0	6695	123	6573	6695
3818932	3867130	92	B	0.99995	6799	104	6696	6799
3867490	3892770	93	B	0.86893	6843	44	6800	6843
3897410	3947520	94	A	0.9997	6927	84	6844	6927
3948290	4013300	95	C	0.88523	7061	134	6928	7061
4016310	4089978	96	B	0.84057	7202	141	7062	7202
4090144	4112900	97	B	0.99981	7262	60	7203	7262
4114950	4178600	98	B	0.72322	7378	116	7263	7378
4180810	4204030	99	B	0.99998	7440	62	7379	7440
4204370	4214850	100	B	1.0	7458	18	7441	7458
4226650	4314722	101	C	1.0	7586	128	7459	7586
4314866	4321830	102	C	0.94	7598	12	7587	7598
4326090	4352260	103	A	1.0	7656	58	7599	7656
4353990	4426670	104	C	0.98967	7799	143	7657	7799
4426850	4466200	105	C	0.99999	7866	67	7800	7866
4468490	4483980	106	C	0.69	7903	37	7867	7903
4487740	4509728	107	B	0.99855	7961	58	7904	7961
4509894	4531370	108	C	1.0	8001	40	7962	8001
4535980	4567010	109	C	0.99	8057	56	8002	8057
4571830	4605846	110	C	0.71	8128	71	8058	8128
4605958	4675010	111	B	0.99993	8238	110	8129	8238
4675590	4736840	112	B	1.0	8380	142	8239	8380
4738490	4752810	113	B	0.9998	8410	30	8381	8410
4757310	4784280	114	A	0.98	8472	62	8411	8472
4785930	4817934	115	A	0.99485	8533	61	8473	8533
4818132	4829006	116	A	0.99982	8565	32	8534	8565
4829118	4853978	117	B	0.99985	8610	45	8566	8610
4854144	4883286	118	A	0.99999	8683	73	8611	8683
4883308	4897770	119	A	0.56517	8719	36	8684	8719
4900910	4952006	120	B	0.99886	8790	71	8720	8790
4952108	4982640	121	A	0.99997	8863	73	8791	8863
4985830	5012760	122	A	0.91	8925	62	8864	8925
5013710	5041266	123	A	0.99883	8984	59	8926	8984
5041448	5082430	124	A	0.98207	9069	85	8985	9069
5083490	5124560	125	C	0.91	9154	85	9070	9154
5125330	5164502	126	B	0.72	9243	89	9155	9243
5164646	5198422	127	B	1.0	9343	100	9244	9343
5198556	5238210	128	B	1.0	9417	74	9344	9417
5238950	5280138	129	B	1.0	9508	91	9418	9508
5280314	5306790	130	B	0.64	9564	56	9509	9564
5309850	5340626	131	C	0.53	9644	80	9565	9644
5340728	5357880	132	C	0.99999	9688	44	9645	9688
5361830	5439360	133	A	0.98	9850	162	9689	9850
5441490	5500926	134	B	1.0	9986	136	9851	9986
5501118	5526860	135	A	0.65298	10043	57	9987	10043
5529390	5548500	136	B	0.99992	10094	51	10044	10094
5550950	5593040	137	A	0.99212	10170	76	10095	10170
5596050	5628940	138	B	0.94021	10248	78	10171	10248
5629310	5632730	139	A	0.99273	10257	9	10249	10257
5634910	5652660	140	A	0.90862	10300	43	10258	10300
5653430	5701898	141	B	1.0	10414	114	10301	10414
5702074	5735610	142	B	0.99914	10514	100	10415	10514
5738830	5774502	143	B	0.99999	10597	83	10515	10597
5774566	5782460	144	C	1.0	10616	19	10598	10616
5785010	5828170	145	C	0.99643	10707	91	10617	10707
5829790	5863986	146	A	0.99	10775	68	10708	10775
5864018	5882026	147	B	0.9732	10822	47	10776	10822
5882208	5913890	148	B	0.89	10880	58	10823	10880
5915450	5940640	149	A	0.75	10928	48	10881	10928
5943490	5987406	150	B	0.9999	11016	88	10929	11016
5987428	6015350	151	A	0.99987	11086	70	11017	11086
6015500	6031930	152	B	0.99982	11133	47	11087	11133
6035550	6076874	153	A	0.98663	11219	86	11134	11219
6076912	6135050	154	B	1.0	11357	138	11220	11357
6139580	6143930	155	A	0.62442	11371	14	11358	11371
6146060	6179670	156	B	0.99987	11459	88	11372	11459
6181560	6220092	157	A	0.99976	11539	80	11460	11539
6220156	6231764	158	B	0.99994	11564	25	11540	11564
6231802	6260284	159	B	0.99754	11624	60	11565	11624
6260322	6279170	160	C	0.98	11670	46	11625	11670
6281860	6290090	161	B	0.99971	11695	25	11671	11695
6290540	6290900	162	C	0.98638	11696	1	11696	11696
