start	end	paragNum	speaker	pconfid	wordPos	paragWordPos	paragFirstWordCount	paragLastWordCount
250	20320	1	A	0.63	36	36	1	36
21730	50860	2	A	0.99987	98	62	37	98
51230	75118	3	A	1.0	168	70	99	168
75214	113854	4	A	0.99669	265	97	169	265
114052	127400	5	A	0.88099	299	34	266	299
129530	139900	6	A	0.83	331	32	300	331
142990	188230	7	A	0.9787	456	125	332	456
192990	244646	8	A	0.98963	525	69	457	525
244758	278360	9	C	0.99962	599	74	526	599
284180	333570	10	B	0.71	725	126	600	725
336740	365080	11	A	0.7898	801	76	726	801
365580	393590	12	A	0.95	866	65	802	866
412470	434986	13	A	0.60748	932	66	867	932
435088	436490	14	A	1.0	938	6	933	938
443600	480280	15	B	0.99905	998	60	939	998
482880	499870	16	C	1.0	1018	20	999	1018
517460	519200	17	C	0.99581	1024	6	1019	1024
521540	580100	18	C	0.75489	1157	133	1025	1157
582200	610780	19	C	0.67	1204	47	1158	1204
613600	620770	20	A	0.50666	1221	17	1205	1221
625310	636270	21	B	0.99997	1240	19	1222	1240
639090	703074	22	B	0.97	1349	109	1241	1349
703192	720230	23	B	0.92993	1374	25	1350	1374
723150	726220	24	A	0.59967	1383	9	1375	1383
739450	740200	25	A	0.99831	1384	1	1384	1384
742970	744840	26	C	0.99799	1388	4	1385	1388
748170	775940	27	C	1.0	1449	61	1389	1449
777030	782180	28	C	0.99	1468	19	1450	1468
793790	796480	29	A	0.58009	1477	9	1469	1477
798770	799520	30	D	0.53766	1478	1	1478	1478
815860	837160	31	A	0.99	1526	48	1479	1526
882020	885810	32	A	0.99922	1537	11	1527	1537
893560	933920	33	A	0.60117	1594	57	1538	1594
933990	944580	34	A	0.99	1618	24	1595	1618
946920	953780	35	A	0.99606	1628	10	1619	1628
978190	989680	36	A	0.92183	1656	28	1629	1656
1005990	1043760	37	B	0.99496	1751	95	1657	1751
1045890	1051330	38	E	0.99927	1764	13	1752	1764
1055470	1094760	39	A	0.89914	1863	99	1765	1863
1100810	1128290	40	B	0.69	1922	59	1864	1922
1135940	1154580	41	A	0.97	1968	46	1923	1968
1157020	1166490	42	A	0.99706	1994	26	1969	1994
1175470	1210530	43	A	0.99344	2081	87	1995	2081
1215750	1249860	44	C	0.98599	2164	83	2082	2164
1264640	1304200	45	B	1.0	2220	56	2165	2220
1307580	1343190	46	A	0.99857	2319	99	2221	2319
1344600	1387268	47	A	0.98808	2419	100	2320	2419
1387354	1434624	48	A	0.84639	2510	91	2420	2510
1434662	1466190	49	C	1.0	2606	96	2511	2606
1472930	1520378	50	A	0.69366	2701	95	2607	2701
1520474	1541320	51	A	0.99999	2754	53	2702	2754
1542410	1549960	52	A	1.0	2775	21	2755	2775
1555050	1571440	53	A	0.99	2819	44	2776	2819
1588300	1621570	54	A	0.94775	2898	79	2820	2898
1624280	1649804	55	A	0.9777	2955	57	2899	2955
1649842	1675148	56	A	0.99375	3026	71	2956	3026
1675244	1696410	57	A	0.61534	3087	61	3027	3087
1698460	1713330	58	A	0.79845	3128	41	3088	3128
1715460	1781028	59	A	0.99834	3312	184	3129	3312
1781194	1812050	60	C	0.99	3403	91	3313	3403
1815380	1847400	61	B	1.0	3463	60	3404	3463
1868700	1908360	62	B	0.96	3587	124	3464	3587
1912490	1916040	63	A	0.99675	3600	13	3588	3600
1930380	1967408	64	A	0.99594	3708	108	3601	3708
1967504	2002050	65	A	0.5	3791	83	3709	3791
2004500	2011780	66	A	0.49709	3810	19	3792	3810
2015000	2043584	67	A	0.77	3875	65	3811	3875
2043702	2104284	68	A	1.0	4035	160	3876	4035
2104332	2121240	69	A	0.99791	4079	44	4036	4079
2159770	2231500	70	C	0.99751	4215	136	4080	4215
2250490	2308430	71	A	0.67365	4358	143	4216	4358
2308930	2339800	72	A	0.94464	4427	69	4359	4427
2340170	2353450	73	C	0.91834	4448	21	4428	4448
2356290	2378820	74	D	0.98	4506	58	4449	4506
2381030	2382420	75	D	0.9997	4510	4	4507	4510
2384650	2389720	76	C	0.99995	4525	15	4511	4525
2392510	2404800	77	A	0.9761	4562	37	4526	4562
2428990	2452986	78	A	0.99062	4622	60	4563	4622
2453018	2488378	79	A	0.99855	4708	86	4623	4708
2488464	2512100	80	A	0.9523	4773	65	4709	4773
2512790	2532118	81	A	0.8	4818	45	4774	4818
2532214	2547120	82	A	1.0	4854	36	4819	4854
2547650	2559540	83	A	0.99917	4885	31	4855	4885
2565590	2615350	84	C	0.99928	4974	89	4886	4974
2615690	2639390	85	D	0.96476	5039	65	4975	5039
2643650	2677914	86	D	0.90115	5127	88	5040	5127
2677952	2683740	87	D	0.9	5143	16	5128	5143
2686210	2715842	88	A	0.84078	5216	73	5144	5216
2715906	2732780	89	D	0.99994	5266	50	5217	5266
2736450	2751410	90	B	0.99	5292	26	5267	5292
2753510	2787520	91	A	0.84643	5359	67	5293	5359
2808590	2825662	92	A	0.99765	5402	43	5360	5402
2825796	2832580	93	A	0.98358	5417	15	5403	5417
2845530	2870320	94	A	0.68152	5470	53	5418	5470
2870770	2916886	95	A	0.99998	5578	108	5471	5578
2916918	2939250	96	A	1.0	5635	57	5579	5635
2950000	2952640	97	A	0.99	5643	8	5636	5643
2959510	2971382	98	C	0.99998	5668	25	5644	5668
2971436	2987660	99	A	1.0	5715	47	5669	5715
2999540	3004500	100	A	0.99999	5725	10	5716	5725
3024190	3032080	101	A	0.77	5751	26	5726	5751
3034290	3056150	102	A	0.93	5813	62	5752	5813
3061690	3065900	103	A	0.99714	5822	9	5814	5822
3100790	3127100	104	A	0.93535	5903	81	5823	5903
3128590	3132480	105	A	0.9806	5918	15	5904	5918
3153730	3165634	106	C	0.96567	5943	25	5919	5943
3165672	3166530	107	C	0.99971	5944	1	5944	5944
3169610	3180600	108	D	0.78	5972	28	5945	5972
3199690	3210090	109	A	0.55736	5995	23	5973	5995
3230040	3239800	110	D	0.75	6012	17	5996	6012
3248550	3251620	111	A	0.7	6025	13	6013	6025
3254630	3257140	112	A	0.8	6034	9	6026	6034
3262250	3270520	113	B	0.70953	6056	22	6035	6056
3280310	3281540	114	A	0.98234	6059	3	6057	6059
3285300	3289490	115	A	0.51	6075	16	6060	6075
3300580	3316360	116	B	0.98767	6113	38	6076	6113
3322640	3349540	117	A	1.0	6175	62	6114	6175
3365890	3396860	118	D	0.99454	6241	66	6176	6241
3398670	3427220	119	D	0.99952	6303	62	6242	6303
3439070	3469800	120	A	0.8343	6396	93	6304	6396
3472170	3485950	121	A	0.99967	6432	36	6397	6432
3486020	3502140	122	A	0.99971	6479	47	6433	6479
