start	end	paragNum	speaker	pconfid	wordPos	paragWordPos	paragFirstWordCount	paragLastWordCount
3480	20872	1	A	0.86309	35	35	1	35
20936	60060	2	B	0.99995	116	81	36	116
60130	88180	3	B	0.50526	172	56	117	172
91580	120928	4	A	0.71628	259	87	173	259
121014	133270	5	A	0.99315	290	31	260	290
135960	163580	6	A	0.97636	334	44	291	334
166560	168480	7	B	0.99983	338	4	335	338
171540	197480	8	D	0.53989	379	41	339	379
197820	217180	9	D	0.8	430	51	380	430
219300	221680	10	B	0.99954	435	5	431	435
224660	233632	11	E	1.0	455	20	436	455
233696	252440	12	F	0.92234	499	44	456	499
254620	280944	13	F	1.0	570	71	500	570
280982	298072	14	F	1.0	615	45	571	615
298126	325292	15	B	0.85742	665	50	616	665
325356	357950	16	E	1.0	733	68	666	733
359600	365804	17	B	0.99973	746	13	734	746
365922	401930	18	G	1.0	839	93	747	839
404620	408190	19	A	0.99841	848	9	840	848
410320	434672	20	H	0.93606	918	70	849	918
434736	453530	21	H	1.0	972	54	919	972
457250	475742	22	B	0.99847	1018	46	973	1018
475886	499260	23	B	1.0	1073	55	1019	1073
501310	506780	24	B	0.99993	1090	17	1074	1090
511010	516590	25	B	0.99983	1102	12	1091	1102
523700	550170	26	B	0.97698	1153	51	1103	1153
553660	558760	27	B	0.99994	1167	14	1154	1167
561440	583520	28	A	0.98249	1220	53	1168	1220
583590	624720	29	A	0.99981	1300	80	1221	1300
624870	647444	30	A	1.0	1356	56	1301	1356
647642	690016	31	A	0.99325	1430	74	1357	1430
690128	730572	32	A	0.99999	1509	79	1431	1509
730636	756024	33	A	0.99	1575	66	1510	1575
756142	783904	34	A	1.0	1629	54	1576	1629
783942	789508	35	B	0.9894	1645	16	1630	1645
789674	817800	36	A	0.98983	1702	57	1646	1702
819280	836210	37	A	0.99976	1755	53	1703	1755
839960	851370	38	A	1.0	1790	35	1756	1790
853600	859390	39	A	0.9312	1806	16	1791	1806
861760	888916	40	F	0.8	1878	72	1807	1878
889018	909944	41	F	1.0	1945	67	1879	1945
909992	942792	42	F	0.61103	2034	89	1946	2034
942926	965810	43	F	0.96	2092	58	2035	2092
978660	982210	44	A	0.63409	2099	7	2093	2099
987240	1038530	45	A	0.99	2198	99	2100	2198
1042410	1065438	46	F	0.55685	2260	62	2199	2260
1065604	1087890	47	F	1.0	2326	66	2261	2326
1087970	1121134	48	F	0.66	2421	95	2327	2421
1121182	1130310	49	F	0.99994	2452	31	2422	2452
1130460	1136920	50	F	0.68563	2469	17	2453	2469
1142870	1145490	51	B	0.99997	2473	4	2470	2473
1147990	1216940	52	A	0.99994	2610	137	2474	2610
1219230	1220570	53	B	0.99995	2612	2	2611	2612
1223870	1258310	54	D	0.98233	2703	91	2613	2703
1258810	1282660	55	D	0.99983	2758	55	2704	2758
1285510	1291540	56	D	0.97579	2778	20	2759	2778
1295350	1309180	57	D	1.0	2822	44	2779	2822
1323880	1378810	58	B	0.66475	2919	97	2823	2919
1383190	1400200	59	B	0.99994	2949	30	2920	2949
1403710	1408220	60	B	0.99936	2960	11	2950	2960
1412640	1442336	61	B	0.64556	3025	65	2961	3025
1442528	1463068	62	B	0.99898	3084	59	3026	3084
1463154	1472270	63	A	0.92541	3107	23	3085	3107
1473920	1496504	64	A	0.97191	3176	69	3108	3176
1496702	1507820	65	A	0.94279	3200	24	3177	3200
1510160	1543510	66	B	0.99908	3261	61	3201	3261
1544120	1559364	67	B	0.65	3306	45	3262	3306
1559492	1602084	68	A	0.83509	3386	80	3307	3386
1602212	1643856	69	A	1.0	3476	90	3387	3476
1643968	1673470	70	A	0.99983	3549	73	3477	3549
1674000	1694150	71	A	1.0	3598	49	3550	3598
1696360	1723920	72	A	1.0	3677	79	3599	3677
1725540	1726290	73	A	0.99713	3678	1	3678	3678
1728420	1750108	74	A	0.98891	3732	54	3679	3732
1750144	1759130	75	A	1.0	3762	30	3733	3762
1761420	1788660	76	A	0.99992	3822	60	3763	3822
1789400	1804490	77	A	0.95	3862	40	3823	3862
1805260	1822340	78	A	0.99946	3917	55	3863	3917
1822520	1838720	79	A	0.93435	3954	37	3918	3954
1841300	1867400	80	B	0.27141	4001	47	3955	4001
1867560	1886980	81	B	0.99928	4043	42	4002	4043
1890680	1948484	82	A	0.93	4175	132	4044	4175
1948532	1971550	83	A	0.99954	4234	59	4176	4234
1982760	1987750	84	A	0.84325	4251	17	4235	4251
1994340	2049816	85	A	0.97721	4378	127	4252	4378
2049868	2072312	86	A	0.7	4439	61	4379	4439
2072366	2091504	87	A	0.98321	4487	48	4440	4487
2091542	2113590	88	A	0.99997	4560	73	4488	4560
2114120	2126660	89	A	0.99782	4593	33	4561	4593
2126750	2146112	90	B	0.81011	4646	53	4594	4646
2146166	2174010	91	A	0.99985	4704	58	4647	4704
2176060	2223130	92	A	0.99986	4804	100	4705	4804
2224560	2233230	93	B	0.93148	4823	19	4805	4823
2235440	2241970	94	A	0.7002	4842	19	4824	4842
2249620	2262324	95	B	0.99	4887	45	4843	4887
2262442	2281420	96	B	0.39194	4951	64	4888	4951
2287180	2338312	97	B	0.99995	5049	98	4952	5049
2338446	2340890	98	A	0.48372	5056	7	5050	5056
2345500	2390840	99	A	0.7722	5142	86	5057	5142
2395930	2419562	100	B	0.99871	5204	62	5143	5204
2419626	2450314	101	F	0.99998	5302	98	5205	5302
2450352	2460620	102	F	0.77421	5324	22	5303	5324
2465950	2529490	103	B	0.87017	5445	121	5325	5445
2530630	2613950	104	B	0.99996	5586	141	5446	5586
2616050	2629140	105	B	0.99876	5613	27	5587	5613
2633140	2657000	106	F	0.62663	5672	59	5614	5672
2659980	2670190	107	F	0.99992	5707	35	5673	5707
2674000	2679596	108	A	0.99967	5724	17	5708	5724
2679628	2714110	109	A	0.99902	5798	74	5725	5798
2714720	2749830	110	A	0.98	5888	90	5799	5888
2752300	2794980	111	B	0.55	5955	67	5889	5955
2797080	2805050	112	A	0.72267	5971	16	5956	5971
2810360	2822330	113	B	0.99998	6000	29	5972	6000
2824700	2866248	114	B	1.0	6098	98	6001	6098
2866414	2888680	115	H	0.99999	6148	50	6099	6148
2888840	2934936	116	B	0.52359	6274	126	6149	6274
2935048	2942610	117	B	0.76174	6294	20	6275	6294
2945140	2952850	118	H	0.99998	6315	21	6295	6315
2956760	2983710	119	B	0.99884	6377	62	6316	6377
2986640	3005450	120	A	1.0	6415	38	6378	6415
3007740	3035280	121	A	1.0	6484	69	6416	6484
3039700	3041410	122	A	0.92235	6492	8	6485	6492
3046210	3064390	123	B	0.99997	6532	40	6493	6532
3067770	3071340	124	B	0.53322	6546	14	6533	6546
3074430	3086160	125	A	1.0	6569	23	6547	6569
3092120	3094870	126	B	0.72573	6577	8	6570	6577
3097640	3101930	127	C	0.62699	6587	10	6578	6587
3103980	3170620	128	C	0.99903	6696	109	6588	6696
3173860	3211868	129	C	0.93	6777	81	6697	6777
3211954	3214350	130	C	0.58197	6783	6	6778	6783
3216800	3240180	131	C	0.99937	6831	48	6784	6831
3242040	3282530	132	C	0.99995	6923	92	6832	6923
3284020	3302040	133	C	1.0	6968	45	6924	6968
3305100	3336690	134	B	0.99865	7027	59	6969	7027
3337540	3399620	135	B	0.76356	7177	150	7028	7177
3400220	3435040	136	B	1.0	7262	85	7178	7262
3439620	3487848	137	G	0.98617	7373	111	7263	7373
3488044	3559140	138	G	1.0	7531	158	7374	7531
3559300	3593270	139	G	0.99698	7617	86	7532	7617
3601340	3643540	140	B	0.99995	7701	84	7618	7701
3645740	3687140	141	D	0.94007	7781	80	7702	7781
3687480	3722972	142	D	0.5686	7857	76	7782	7857
3723036	3726210	143	A	0.99913	7861	4	7858	7861
3730020	3738470	144	B	0.62094	7878	17	7862	7878
3751310	3786710	145	B	0.9313	7964	86	7879	7964
3786780	3817440	146	B	0.99999	8032	68	7965	8032
3821230	3872816	147	A	0.99995	8138	106	8033	8138
3873008	3883370	148	A	0.99553	8166	28	8139	8166
3886140	3917504	149	B	0.82287	8233	67	8167	8233
3917702	3931300	150	B	0.5	8271	38	8234	8271
