start	end	paragNum	speaker	pconfid	wordPos	paragWordPos	paragFirstWordCount	paragLastWordCount
4280	18732	1	A	0.34	28	28	1	28
18786	35204	2	C	0.99917	73	45	29	73
35242	66620	3	A	0.9999	118	45	74	118
67540	82580	4	A	1.0	150	32	119	150
84920	106380	5	A	0.55028	203	53	151	203
108960	133828	6	A	0.56845	257	54	204	257
133914	157580	7	A	0.47647	317	60	258	317
157650	177920	8	A	0.99993	365	48	318	365
180360	224304	9	A	1.0	437	72	366	437
224342	261820	10	C	0.7532	509	72	438	509
262320	298228	11	A	0.89406	579	70	510	579
298404	319344	12	A	0.79628	629	50	580	629
319462	330708	13	A	0.91936	661	32	630	661
330794	349864	14	A	0.99997	689	28	662	689
349982	377584	15	A	0.998	745	56	690	745
377782	424990	16	A	0.99769	848	103	746	848
426160	469490	17	A	0.99797	954	106	849	954
470820	519710	18	A	1.0	1051	97	955	1051
521120	527010	19	A	0.90617	1072	21	1052	1072
530020	552200	20	A	0.58	1123	51	1073	1123
552540	614712	21	B	0.98584	1245	122	1124	1245
614776	638710	22	B	0.50543	1297	52	1246	1297
641900	642650	23	A	0.97173	1298	1	1298	1298
647120	649950	24	A	0.99434	1303	5	1299	1303
652320	692512	25	A	0.99994	1406	103	1304	1406
692676	727700	26	A	1.0	1462	56	1407	1462
729880	752830	27	A	0.56	1511	49	1463	1511
754720	789320	28	B	0.99996	1609	98	1512	1609
789390	833160	29	B	0.99962	1706	97	1610	1706
833310	856336	30	B	0.89152	1754	48	1707	1754
856358	886344	31	B	0.84	1815	61	1755	1815
886382	887690	32	B	0.81556	1818	3	1816	1818
891820	896670	33	C	0.56634	1825	7	1819	1825
901200	930156	34	D	0.99999	1908	83	1826	1908
930208	961440	35	D	0.69	1983	75	1909	1983
961780	991220	36	A	0.98	2039	56	1984	2039
991300	1016284	37	A	0.99991	2105	66	2040	2105
1016332	1033370	38	D	0.99974	2164	59	2106	2164
1035980	1080230	39	C	0.55	2240	76	2165	2240
1080940	1103870	40	C	1.0	2274	34	2241	2274
1107100	1122704	41	D	0.95149	2330	56	2275	2330
1122742	1153160	42	D	0.9224	2392	62	2331	2392
1157420	1171410	43	A	0.96	2432	40	2393	2432
1173860	1199560	44	A	0.97991	2496	64	2433	2496
1199630	1229772	45	D	0.82	2581	85	2497	2581
1229836	1259180	46	D	0.99999	2648	67	2582	2648
1259840	1279440	47	A	1.0	2686	38	2649	2686
1281880	1298436	48	A	0.99347	2727	41	2687	2727
1298548	1345480	49	C	0.9998	2842	115	2728	2842
1346860	1389620	50	C	0.96214	2931	89	2843	2931
1390520	1406936	51	D	0.99912	2990	59	2932	2990
1407038	1436852	52	D	0.63	3081	91	2991	3081
1436986	1465980	53	C	0.9995	3158	77	3082	3158
1468480	1484320	54	D	0.99989	3201	43	3159	3201
1484480	1514430	55	C	0.30865	3263	62	3202	3263
1516080	1538390	56	A	0.28903	3311	48	3264	3311
1541160	1554600	57	A	0.42	3337	26	3312	3337
1557040	1566110	58	A	1.0	3359	22	3338	3359
1570440	1571300	59	C	0.93611	3360	1	3360	3360
1573480	1614588	60	B	0.69596	3446	86	3361	3446
1614694	1620790	61	B	0.81087	3457	11	3447	3457
1624390	1671570	62	B	0.47873	3558	101	3458	3558
1672810	1695820	63	B	0.98338	3614	56	3559	3614
1696270	1733542	64	B	0.70907	3686	72	3615	3686
1733596	1771362	65	B	1.0	3760	74	3687	3760
1771496	1823480	66	C	1.0	3853	93	3761	3853
1824090	1852686	67	C	0.62	3904	51	3854	3904
1852788	1858334	68	D	0.99993	3917	13	3905	3917
1858372	1884040	69	D	0.88304	3994	77	3918	3994
1884490	1895398	70	D	1.0	4025	31	3995	4025
1895494	1910000	71	D	0.89427	4066	41	4026	4066
1911030	1927890	72	D	0.99135	4114	48	4067	4114
1927960	1977302	73	D	0.99916	4212	98	4115	4212
1977436	2027958	74	C	0.95	4327	115	4213	4327
2028124	2062260	75	C	1.0	4391	64	4328	4391
2066470	2097254	76	C	0.67731	4471	80	4392	4471
2097302	2131480	77	A	0.99466	4548	77	4472	4548
2133770	2186046	78	A	0.86079	4669	121	4549	4669
2186098	2206400	79	A	0.99753	4721	52	4670	4721
2209490	2272930	80	A	1.0	4846	125	4722	4846
2273080	2317970	81	A	1.0	4950	104	4847	4950
2322630	2331110	82	A	1.0	4980	30	4951	4980
2334810	2342620	83	A	0.66	5004	24	4981	5004
2347070	2361150	84	A	0.7042	5029	25	5005	5029
2362550	2407610	85	A	0.53	5142	113	5030	5142
2407690	2430630	86	A	0.51481	5176	34	5143	5176
2431290	2435480	87	A	0.99812	5186	10	5177	5186
2439710	2468238	88	A	0.99979	5245	59	5187	5245
2468414	2517650	89	B	1.0	5348	103	5246	5348
2517720	2575126	90	B	0.99805	5487	139	5349	5487
2575228	2605098	91	B	0.76	5574	87	5488	5574
2605194	2631750	92	B	0.65095	5625	51	5575	5625
2632170	2689910	93	C	0.99999	5730	105	5626	5730
2690070	2704640	94	C	1.0	5760	30	5731	5760
2711730	2761470	95	C	0.75668	5855	95	5761	5855
2764290	2836680	96	A	0.99883	5983	128	5856	5983
2840810	2863840	97	A	0.60417	6022	39	5984	6022
2868150	2883090	98	A	0.56396	6053	31	6023	6053
2883170	2899210	99	A	0.99969	6099	46	6054	6099
2907090	2940806	100	A	0.99813	6166	67	6100	6166
2940828	2967940	101	A	0.99946	6236	70	6167	6236
2968870	3005760	102	A	0.66468	6319	83	6237	6319
3007170	3046326	103	A	0.83	6414	95	6320	6414
3046358	3066750	104	A	0.9999	6473	59	6415	6473
3066830	3138950	105	A	1.0	6622	149	6474	6622
3139020	3149340	106	A	0.92694	6643	21	6623	6643
3161450	3165180	107	A	0.99624	6654	11	6644	6654
3169880	3187752	108	C	1.0	6697	43	6655	6697
3187806	3210770	109	A	0.99622	6767	70	6698	6767
3211700	3278064	110	A	1.0	6904	137	6768	6904
3278192	3327336	111	A	0.81933	7025	121	6905	7025
3327358	3346780	112	A	0.99996	7071	46	7026	7071
3353290	3365100	113	A	0.99625	7103	32	7072	7103
3367470	3418662	114	C	0.93	7209	106	7104	7209
3418736	3440530	115	C	0.57585	7258	49	7210	7258
3440600	3493070	116	A	0.92393	7392	134	7259	7392
3493230	3501030	117	C	0.99999	7413	21	7393	7413
3503610	3524480	118	A	0.99985	7478	65	7414	7478
3526370	3550070	119	C	0.99675	7522	44	7479	7522
3551130	3605880	120	B	0.99374	7613	91	7523	7613
3611310	3644980	121	C	0.99185	7673	60	7614	7673
3645910	3702630	122	E	0.51022	7770	97	7674	7770
3702780	3749800	123	E	0.99799	7866	96	7771	7866
3752890	3800280	124	E	0.94723	7953	87	7867	7953
3802250	3845010	125	E	1.0	8035	82	7954	8035
3847030	3871020	126	E	1.0	8090	55	8036	8090
3872610	3899160	127	E	0.59	8151	61	8091	8151
3901210	3948514	128	E	0.65	8246	95	8152	8246
3948642	3993220	129	E	0.98	8356	110	8247	8356
3995030	4009720	130	A	0.99737	8390	34	8357	8390
4012270	4045186	131	E	0.78781	8452	62	8391	8452
4045368	4089614	132	E	1.0	8538	86	8453	8538
4089662	4119974	133	E	0.99	8615	77	8539	8615
4120022	4143406	134	E	0.99999	8667	52	8616	8667
4143598	4194500	135	E	0.71	8772	105	8668	8772
4194870	4230510	136	E	0.44333	8844	72	8773	8844
4232850	4271850	137	E	0.94711	8923	79	8845	8923
4272830	4299650	138	C	0.99977	8994	71	8924	8994
4299800	4309846	139	A	0.99513	9017	23	8995	9017
4309918	4350820	140	C	0.65604	9094	77	9018	9094
4353910	4362790	141	C	0.99976	9117	23	9095	9117
