start	end	paragNum	speaker	pconfid	wordPos	paragWordPos	paragFirstWordCount	paragLastWordCount
28470	41054	1	A	0.14517	23	23	1	23
41102	60458	2	A	0.99732	66	43	24	66
60624	101538	3	A	0.99996	155	89	67	155
101554	145880	4	A	0.94459	271	116	156	271
146250	214086	5	A	0.81271	427	156	272	427
214278	249474	6	A	0.9998	522	95	428	522
249602	274190	7	A	0.99923	590	68	523	590
279030	331666	8	A	0.82587	708	118	591	708
331848	350680	9	A	0.99991	747	39	709	747
353290	400978	10	A	0.99991	843	96	748	843
401154	456678	11	A	0.66308	957	114	844	957
456774	487090	12	A	0.99528	1030	73	958	1030
487670	536690	13	A	0.99993	1131	101	1031	1131
537510	589330	14	A	0.99999	1252	121	1132	1252
589910	643350	15	A	0.98124	1388	136	1253	1388
645850	682720	16	A	0.99912	1482	94	1389	1482
685110	718350	17	A	0.99953	1553	71	1483	1553
718850	760694	18	A	0.99771	1644	91	1554	1644
760822	825870	19	A	0.99935	1776	132	1645	1776
826210	878240	20	A	0.99958	1861	85	1777	1861
881190	914060	21	A	0.95483	1948	87	1862	1948
920650	975634	22	A	0.99667	2055	107	1949	2055
975682	1027830	23	A	0.99975	2155	100	2056	2155
1027980	1060030	24	A	0.99981	2242	87	2156	2242
1060190	1064210	25	A	0.65056	2251	9	2243	2251
1066230	1115890	26	A	0.98539	2351	100	2252	2351
1117030	1152122	27	A	0.99985	2434	83	2352	2434
1152266	1197280	28	A	0.61952	2532	98	2435	2532
1198050	1263902	29	A	0.63132	2659	127	2533	2659
1263966	1301550	30	A	0.81578	2734	75	2660	2734
1302210	1322230	31	A	0.99971	2769	35	2735	2769
1326300	1383770	32	A	0.68707	2893	124	2770	2893
1384380	1408100	33	A	0.99991	2953	60	2894	2953
1410440	1460500	34	A	0.75686	3050	97	2954	3050
1463240	1487870	35	A	0.60479	3089	39	3051	3089
1491070	1556062	36	A	0.99396	3219	130	3090	3219
1556196	1613218	37	A	0.99817	3352	133	3220	3352
1613304	1654362	38	A	0.8137	3439	87	3353	3439
1654426	1676802	39	A	0.98792	3484	45	3440	3484
1676866	1721058	40	A	0.98788	3579	95	3485	3579
1721234	1742380	41	A	0.9999	3615	36	3580	3615
1745410	1794010	42	A	0.99154	3714	99	3616	3714
1794510	1846314	43	A	0.99997	3842	128	3715	3842
1846432	1920530	44	A	0.99856	3974	132	3843	3974
1922810	1970290	45	A	0.98197	4092	118	3975	4092
1972310	2036482	46	A	0.99923	4216	124	4093	4216
2036616	2038450	47	A	0.89027	4220	4	4217	4220
2040710	2076990	48	A	0.97931	4287	67	4221	4287
2079330	2121130	49	A	0.88499	4350	63	4288	4350
2121810	2194334	50	A	0.99804	4490	140	4351	4490
2194462	2213500	51	A	0.99984	4537	47	4491	4537
2216670	2261820	52	A	0.99953	4638	101	4538	4638
2262270	2320858	53	A	0.99908	4751	113	4639	4751
2320944	2385360	54	A	0.99998	4888	137	4752	4888
2386050	2438080	55	A	0.99989	5008	120	4889	5008
2438450	2480238	56	A	0.99946	5100	92	5009	5100
2480404	2512970	57	A	0.99949	5157	57	5101	5157
2518030	2554322	58	A	0.99831	5257	100	5158	5257
2554386	2571210	59	A	0.97961	5304	47	5258	5304
2575890	2603750	60	A	0.92324	5363	59	5305	5363
2605770	2648310	61	A	0.99933	5454	91	5364	5454
2650730	2695826	62	A	0.99764	5549	95	5455	5549
2696008	2731502	63	A	0.99655	5613	64	5550	5613
2731636	2749960	64	A	0.99802	5646	33	5614	5646
2763280	2811100	65	A	0.77908	5745	99	5647	5745
2811840	2845770	66	A	0.99996	5794	49	5746	5794
2848140	2916624	67	A	0.99156	5927	133	5795	5927
2916822	2938500	68	A	0.99824	5970	43	5928	5970
2949140	2976420	69	A	0.50549	6032	62	5971	6032
2976580	3021210	70	A	0.83804	6099	67	6033	6099
3022300	3080648	71	A	0.99917	6206	107	6100	6206
3080664	3115270	72	A	0.99571	6254	48	6207	6254
3117580	3198736	73	A	0.96604	6391	137	6255	6391
3198918	3238060	74	A	0.98699	6472	81	6392	6472
3239040	3261990	75	A	0.99993	6529	57	6473	6529
3264360	3336590	76	A	0.9762	6667	138	6530	6667
3337120	3380170	77	A	0.99205	6734	67	6668	6734
3381260	3392190	78	A	0.99911	6756	22	6735	6756
3394720	3408070	79	A	0.99938	6779	23	6757	6779
3411160	3444640	80	A	0.99494	6857	78	6780	6857
3445060	3503330	81	A	0.99889	6974	117	6858	6974
3503720	3514340	82	A	0.99999	6998	24	6975	6998
3517400	3563590	83	A	0.99998	7099	101	6999	7099
3564360	3598560	84	A	0.99988	7157	58	7100	7157
3603300	3666630	85	A	0.99967	7263	106	7158	7263
3667340	3726388	86	A	0.99815	7383	120	7264	7383
3726564	3804290	87	A	0.76342	7523	140	7384	7523
3805160	3814420	88	A	0.99858	7543	20	7524	7543
3817340	3862004	89	A	0.99483	7643	100	7544	7643
3862122	3921480	90	A	0.99989	7772	129	7644	7772
3921900	3991580	91	A	0.99966	7866	94	7773	7866
3993280	4031016	92	A	0.99982	7959	93	7867	7959
4031128	4076440	93	A	0.9998	8049	90	7960	8049
4080900	4131310	94	A	0.99012	8119	70	8050	8119
4133780	4176030	95	A	0.98966	8200	81	8120	8200
4178160	4227230	96	A	0.99611	8329	129	8201	8329
4229920	4303850	97	A	0.57824	8455	126	8330	8455
4305820	4336740	98	A	0.99969	8517	62	8456	8517
4341400	4388320	99	A	0.79367	8594	77	8518	8594
4388480	4414030	100	A	0.97913	8650	56	8595	8650
4416240	4446340	101	A	0.99946	8697	47	8651	8697
4448760	4503092	102	A	0.72777	8811	114	8698	8811
4503156	4514220	103	A	0.97248	8828	17	8812	8828
4516880	4539110	104	A	0.99943	8861	33	8829	8861
4541480	4624892	105	A	0.99972	9006	145	8862	9006
4625036	4691070	106	A	0.89029	9102	96	9007	9102
4691230	4765020	107	A	0.99296	9248	146	9103	9248
4767950	4819210	108	A	0.99892	9326	78	9249	9326
4819280	4884800	109	A	0.92247	9445	119	9327	9445
4885810	4908290	110	A	0.99972	9493	48	9446	9493
