start	end	paragNum	speaker	pconfid	wordPos	paragWordPos	paragFirstWordCount	paragLastWordCount
2940	3490	1	A	0.64	1	1	1	1
7700	36276	2	B	0.96841	55	54	2	55
36388	78490	3	B	0.99998	140	85	56	140
80060	120196	4	C	0.99981	235	95	141	235
120218	133800	5	C	0.99	271	36	236	271
138270	170226	6	B	0.83268	329	58	272	329
170338	189466	7	D	0.9971	366	37	330	366
189568	198190	8	B	0.99952	393	27	367	393
202050	228920	9	A	0.99972	454	61	394	454
233630	248254	10	A	1.0	511	57	455	511
248292	259410	11	A	0.70747	537	26	512	537
263430	297662	12	A	0.70927	618	81	538	618
297796	327480	13	A	0.5	679	61	619	679
328090	340970	14	C	0.98425	700	21	680	700
346240	380180	15	A	0.98124	785	85	701	785
384610	399940	16	C	0.9064	815	30	786	815
404710	421320	17	C	0.99107	858	43	816	858
431160	454670	18	A	0.76	914	56	859	914
457440	489060	19	A	1.0	992	78	915	992
489130	490630	20	A	1.0	996	4	993	996
495500	509390	21	B	0.76224	1018	22	997	1018
511440	541720	22	B	0.52154	1081	63	1019	1081
541870	551770	23	E	0.98519	1101	20	1082	1101
558420	590504	24	E	0.8068	1170	69	1102	1170
590542	614530	25	E	0.97738	1232	62	1171	1232
614900	632710	26	F	0.4443	1273	41	1233	1273
634060	659804	27	B	0.99364	1326	53	1274	1326
659932	672710	28	A	1.0	1355	29	1327	1355
675320	679880	29	B	0.83	1364	9	1356	1364
684730	691400	30	E	0.99402	1377	13	1365	1377
694330	717520	31	A	0.77493	1438	61	1378	1438
718130	745778	32	A	0.99998	1520	82	1439	1520
745884	747420	33	A	0.40986	1524	4	1521	1524
750350	770820	34	A	1.0	1589	65	1525	1589
774630	777780	35	A	0.66	1601	12	1590	1601
783370	799290	36	F	0.77699	1639	38	1602	1639
801630	819600	37	F	0.99985	1683	44	1640	1683
821830	879860	38	F	0.72	1790	107	1684	1790
881910	936790	39	F	0.9992	1895	105	1791	1895
937530	951530	40	F	0.99738	1935	40	1896	1935
953870	979426	41	B	0.99962	2002	67	1936	2002
979448	1011690	42	B	0.99949	2072	70	2003	2072
1011850	1058240	43	B	1.0	2153	81	2073	2153
1060130	1074370	44	B	1.0	2182	29	2154	2182
1079010	1122650	45	A	0.9994	2237	55	2183	2237
1123570	1148500	46	F	0.99725	2285	48	2238	2285
1150630	1199010	47	F	0.97916	2382	97	2286	2382
1199690	1208760	48	F	0.99	2411	29	2383	2411
1211470	1254646	49	E	0.62711	2511	100	2412	2511
1254748	1275434	50	E	0.99993	2558	47	2512	2558
1275562	1311834	51	E	0.99988	2653	95	2559	2653
1311872	1360940	52	E	0.96573	2736	83	2654	2736
1362430	1379040	53	F	0.99998	2767	31	2737	2767
1383890	1417500	54	C	0.9	2834	67	2768	2834
1420750	1439380	55	F	0.98333	2877	43	2835	2877
1441830	1470540	56	F	0.99819	2934	57	2878	2934
1471230	1517290	57	F	0.92891	3041	107	2935	3041
1521070	1535970	58	E	0.65	3074	33	3042	3074
1538630	1608040	59	F	0.99994	3168	94	3075	3168
1608890	1624960	60	F	0.73107	3204	36	3169	3204
1633410	1680000	61	D	0.76615	3286	82	3205	3286
1680370	1741890	62	D	1.0	3391	105	3287	3391
1742040	1768460	63	D	0.99	3454	63	3392	3454
1776160	1785230	64	F	0.93802	3473	19	3455	3473
1789930	1792950	65	D	0.99297	3480	7	3474	3480
1800320	1878820	66	F	0.99802	3565	85	3481	3565
1879880	1925300	67	F	0.63939	3641	76	3566	3641
1927320	1937800	68	F	0.99994	3663	22	3642	3663
1940620	1950670	69	D	0.99926	3675	12	3664	3675
1953440	1978900	70	D	0.99997	3718	43	3676	3718
1981180	1988632	71	F	0.99849	3731	13	3719	3731
1988686	1991000	72	F	1.0	3737	6	3732	3737
1993680	2021250	73	F	0.99927	3795	58	3738	3795
2025000	2025990	74	C	0.99973	3797	2	3796	3797
2030800	2063850	75	A	0.99965	3855	58	3798	3855
2065340	2084460	76	A	0.95751	3913	58	3856	3913
2085220	2108070	77	A	1.0	3972	59	3914	3972
2112120	2112870	78	A	0.66827	3973	1	3973	3973
2115820	2153220	79	A	0.99685	4064	91	3974	4064
2154600	2186290	80	A	1.0	4162	98	4065	4162
2186820	2215492	81	A	0.99981	4219	57	4163	4219
2215636	2271432	82	B	1.0	4339	120	4220	4339
2271486	2280840	83	B	0.76	4369	30	4340	4369
2281000	2319464	84	E	0.98467	4470	101	4370	4470
2319582	2338990	85	A	1.0	4526	56	4471	4526
2342020	2344370	86	A	1.0	4536	10	4527	4536
2346980	2360070	87	F	1.0	4561	25	4537	4561
2362860	2370170	88	F	0.95352	4575	14	4562	4575
2374860	2407300	89	F	0.43	4628	53	4576	4628
2408200	2445070	90	F	0.94	4687	59	4629	4687
2445570	2452370	91	F	0.99	4704	17	4688	4704
2454550	2480250	92	F	0.99624	4748	44	4705	4748
2484110	2508130	93	F	0.63	4790	42	4749	4790
2513700	2515040	94	A	0.99422	4792	2	4791	4792
2517480	2532200	95	E	0.99753	4822	30	4793	4822
2534220	2549260	96	A	1.0	4868	46	4823	4868
2550800	2559170	97	A	0.99997	4890	22	4869	4890
2562900	2573510	98	A	1.0	4927	37	4891	4927
2574680	2592924	99	A	0.26	4987	60	4928	4987
2592962	2636810	100	E	0.99574	5088	101	4988	5088
2637260	2661970	101	E	0.86023	5140	52	5089	5140
2677450	2680390	102	F	0.84339	5150	10	5141	5150
2687720	2706380	103	F	1.0	5182	32	5151	5182
2711040	2740870	104	F	1.0	5237	55	5183	5237
2743820	2778530	105	F	0.99966	5274	37	5238	5274
2785200	2835910	106	F	1.0	5348	74	5275	5348
2839500	2869380	107	F	0.89525	5405	57	5349	5405
2876610	2899190	108	B	0.99997	5441	36	5406	5441
2903930	2944050	109	E	0.99998	5523	82	5442	5523
2944550	2966620	110	E	0.88695	5554	31	5524	5554
2968910	2970810	111	F	0.98136	5559	5	5555	5559
2972930	2976480	112	F	0.68	5568	9	5560	5568
2978770	3001190	113	F	0.99949	5601	33	5569	5601
3005880	3035020	114	F	0.68749	5655	54	5602	5655
3037610	3044070	115	B	0.50324	5666	11	5656	5666
3047210	3086820	116	B	0.99998	5722	56	5667	5722
3089130	3091080	117	E	0.81514	5729	7	5723	5729
3097520	3126310	118	B	1.0	5792	63	5730	5792
3126920	3142110	119	E	0.99923	5824	32	5793	5824
3152460	3173150	120	C	0.99007	5890	66	5825	5890
3174320	3206520	121	C	0.61912	5961	71	5891	5961
3208780	3240420	122	C	0.99995	6034	73	5962	6034
3240840	3286120	123	C	0.65563	6115	81	6035	6115
3286200	3338776	124	C	0.99999	6231	116	6116	6231
3338888	3369560	125	C	0.99919	6297	66	6232	6297
3374080	3380610	126	F	0.9985	6317	20	6298	6317
3383300	3384530	127	D	0.99917	6320	3	6318	6320
3390330	3408720	128	E	0.96704	6348	28	6321	6348
3411570	3436870	129	C	0.87008	6427	79	6349	6427
3437450	3442870	130	C	0.9982	6441	14	6428	6441
3447530	3454680	131	E	0.96479	6456	15	6442	6456
3460050	3492070	132	F	0.74952	6512	56	6457	6512
3495150	3541370	133	B	0.99998	6596	84	6513	6596
3541870	3544140	134	E	0.96	6604	8	6597	6604
3546190	3556510	135	F	0.95815	6627	23	6605	6627
3557730	3568930	136	F	0.4051	6642	15	6628	6642
3570950	3619538	137	C	1.0	6753	111	6643	6753
3619624	3631240	138	B	1.0	6784	31	6754	6784
3632010	3652642	139	B	0.99994	6830	46	6785	6830
3652726	3678900	140	B	0.99801	6887	57	6831	6887
3681990	3687730	141	B	0.99876	6896	9	6888	6896
